,y_actual,y_pred
0,2.3,2.9222236
1,0.25,1.0099732
2,1.4,0.8912338
3,2.83,2.4588249
4,0.91,1.5064075
5,2.71,2.1729922
6,0.44,0.8098713
7,0.31,1.677928
8,3.69,3.2772286
9,2.5,2.628307
10,3.01,2.5282822
11,0.31,0.87332743
12,-0.06,0.3049666
13,0.18,0.075551346
14,0.21,1.2338806
15,2.07,1.8549585
16,2.65,2.7060647
17,0.62,1.2675835
18,0.98,1.255285
19,1.23,1.6299324
20,2.85,2.9317803
21,1.92,1.6350899
22,1.22,0.83489597
23,2.16,2.4982774
24,1.11,1.7305483
25,2.16,1.9082314
26,3.26,2.0819554
27,0.6,1.4919355
28,1.7,2.6667671
29,1.3,1.3967813
30,3.91,4.4383454
31,4.14,3.8366592
32,0.62,1.1794106
33,3.71,2.4521835
34,0.88,1.6106122
35,2.35,2.4921083
36,1.17,0.86464727
37,1.06,1.2451866
38,0.1,0.9738172
39,1.44,1.3249179
40,1.3,1.087039
41,0.29,0.8391487
42,1.92,2.2390625
43,3.4,3.1853504
44,0.6,1.2326871
45,0.55,0.7805406
46,3.28,2.4893491
47,1.9,2.638436
48,2.67,2.6775067
49,2.23,1.7106645
50,-0.1,1.3817533
51,1.41,1.9188282
52,1.17,1.6192957
53,0.29,1.3888915
54,2.19,1.8610328
55,0.47,0.75010055
56,2.46,2.646284
57,2.6,2.3135436
58,1.79,1.3567688
59,0.77,0.9991199
60,1.82,1.8669876
61,2.59,1.6321971
62,1.88,1.3785493
63,0.51,0.883268
64,1.02,1.0679654
65,0.66,0.9869242
66,0.46,1.1123314
67,0.0,0.6566502
68,0.54,1.2255262
69,0.72,1.3597095
70,1.75,1.7630663
71,1.37,1.2576807
72,0.8,1.2795643
73,1.21,1.3178858
74,0.93,1.2900321
75,1.03,1.0754479
76,3.29,3.0910497
77,0.78,1.9580075
78,1.94,1.5919943
79,4.54,1.9558293
80,2.04,2.2137482
81,2.4,1.9429048
82,-0.25,0.5170096
83,0.05,0.5658373
84,1.23,1.192261
85,3.08,2.2994893
86,1.65,2.5508137
87,2.94,1.5153083
88,1.52,1.5183719
89,2.46,2.8140264
90,3.01,2.7703989
91,0.62,0.52820253
92,2.33,2.4534612
93,0.53,1.1598617
94,2.74,2.964927
95,0.13,0.9889194
96,0.23,0.5123617
97,3.04,1.5991694
98,0.67,1.0296555
99,3.48,2.218804
100,0.01,1.0390297
101,3.19,2.7342145
102,2.71,2.6487384
103,2.0,1.4686381
104,1.01,2.013503
105,1.64,1.8121567
106,0.69,1.0767562
107,1.29,2.1027207
108,0.08,2.2762263
109,1.95,1.2653915
110,3.78,2.8890107
111,0.03,0.46735287
112,2.38,2.5131602
113,0.16,0.9264084
114,2.29,0.71704996
115,1.71,1.7513806
116,0.45,1.1930896
117,1.38,1.3307297
118,2.03,1.6065848
119,0.45,1.5143496
120,1.89,1.4147586
121,0.3,0.4115944
122,1.89,1.6617225
123,-0.49,0.9099352
124,0.84,0.9506339
125,2.59,2.277941
126,0.62,1.1082435
127,2.33,2.1399727
128,2.57,2.4486263
129,0.54,2.7578506
130,0.35,0.84907943
131,1.3,2.3550248
132,2.3,2.5002885
133,2.48,2.5126727
134,1.05,0.97780645
135,1.0,0.69725025
136,1.18,1.1862113
137,1.03,0.99127066
138,1.0,0.81247157
139,1.76,1.4842153
140,1.46,1.3181136
141,0.65,0.79325926
142,0.74,0.8031109
143,2.57,2.370828
144,0.33,1.1950611
145,0.9,1.0515835
146,1.14,1.2311141
147,0.3,1.2040193
148,0.72,1.3390672
149,1.42,1.3985597
150,2.59,1.4522026
151,2.84,2.488109
152,2.04,1.3574789
153,1.57,1.7412121
154,1.88,2.1990047
155,2.61,2.302485
156,2.22,1.5292221
157,1.01,1.9270897
158,2.12,1.716075
159,0.46,1.2958163
160,2.63,2.1729252
161,1.89,2.1942618
162,-0.4,0.9541937
163,1.04,2.358421
164,2.46,2.4991632
165,4.16,3.52747
166,0.34,1.7241932
167,1.18,1.4906617
168,2.86,3.4348445
169,2.06,1.548481
170,1.28,1.2842394
171,0.18,1.1270154
172,-0.01,1.816817
173,1.6464037262230695,1.7302399
174,1.0,1.1983544
175,3.089905111439398,1.6978159
176,1.1172712956557642,1.908845
177,0.0293837776852096,0.9449641
178,0.2671717284030138,1.5316012
179,3.069668096911596,2.659418
180,1.0,1.2973996
181,2.838849090737255,2.9104788
182,1.1038037209559568,1.7008111
183,1.6020599913279625,1.7010717
184,2.374748346010104,1.3634541
185,2.588271706842329,1.7265365
186,2.216957207361097,1.5408027
187,0.0,0.45194188
188,0.0,0.443149
189,0.0,0.6592752
190,1.4313637641589874,1.1739601
191,1.7781512503836436,1.8913319
192,1.0,0.673931
193,0.5563025007672873,1.8627758
194,1.4456042032735976,1.8386257
195,2.0681858617461617,1.2750251
196,0.8750612633917001,0.7910811
197,-0.4814860601221125,1.0918337
198,1.155336037465062,1.4609343
199,1.3979400086720375,1.5645025
200,1.7558748556724917,0.9860848
201,1.021189299069938,2.1281686
202,-0.1366771398795441,1.9863317
203,0.0,0.67393655
204,1.6766936096248666,1.1326976
205,1.944482672150169,1.2622423
206,0.6483600109809317,1.3047426
207,1.3891660843645324,0.94127065
208,-0.5228787452803376,0.2481883
209,1.2174839442139065,0.0185594
210,2.72098574415374,2.3494773
211,0.0969100130080564,0.93500996
212,0.2174839442139062,0.3520079
213,-0.2839966563652008,-0.44087043
214,0.8195439355418687,1.4714677
215,0.9030899869919436,1.7511921
216,0.469822015978163,0.806252
217,1.0,0.48142123
218,0.3222192947339193,1.0904382
219,1.167317334748176,1.302141
220,1.8750612633917,2.1890974
221,1.7708520116421442,1.7295555
222,1.3820170425748683,1.2858368
223,0.7781512503836436,1.5673262
224,1.0413926851582251,2.4966435
225,0.99563519459755,1.6249901
226,1.0,1.959068
227,0.6020599913279624,0.43137425
228,2.866877814337499,2.944428
229,3.785329835010767,3.211766
230,1.869231719730976,1.6823925
231,1.0791812460476249,2.2409782
232,-0.0969100130080563,1.7845751
233,2.57978359661681,2.093297
234,4.0,3.8608468
235,2.8825245379548803,3.4147587
236,0.2174839442139062,1.4247041
237,1.0969100130080565,2.1736405
238,2.361727836017593,2.2440467
239,2.482158695411276,2.1254876
240,0.9242792860618816,1.5488478
241,3.071882007306125,2.9098406
242,3.0644579892269186,2.913421
243,-1.2218487496163564,1.7442434
244,2.3891660843645326,1.3230839
245,1.7558748556724917,1.7634642
