,y_actual,y_pred
0,1.4,1.0321431
1,0.91,1.1029642
2,3.69,3.5758064
3,2.07,1.6564527
4,1.7,2.9541407
5,4.14,4.206298
6,0.55,0.84028643
7,3.28,1.535155
8,2.67,1.9627337
9,-0.1,0.7483154
10,0.77,1.0030128
11,1.82,1.898475
12,1.88,1.3162338
13,1.02,1.1165655
14,0.66,1.0078374
15,0.0,0.6977826
16,0.8,0.9905184
17,0.05,0.49649376
18,1.23,0.88852507
19,2.94,1.6531657
20,1.52,1.282745
21,0.53,0.4920146
22,1.29,2.3796747
23,0.08,1.2218707
24,1.95,1.8674741
25,2.29,0.72066444
26,1.38,0.9994175
27,2.03,1.5171769
28,1.89,1.1578215
29,-0.49,0.49213332
30,2.59,1.3109001
31,1.03,0.8797907
32,1.46,1.3736858
33,1.14,1.0180609
34,2.22,0.87828296
35,1.04,1.4142058
36,1.1038037209559568,1.7705526
37,1.4313637641589874,1.573609
38,1.7781512503836436,1.2082009
39,0.5563025007672873,0.33876926
40,-0.1366771398795441,1.7425765
41,1.3891660843645324,0.8482097
42,1.2174839442139065,-0.029652884
43,0.2174839442139062,0.11895437
44,0.8195439355418687,1.0570902
45,0.9030899869919436,1.0297478
46,0.3222192947339193,1.2503486
47,1.869231719730976,1.4991355
48,-0.0969100130080563,0.9207745
