,y_actual,y_pred
0,2.71,2.525923
1,2.5,2.78825
2,-0.06,0.37693864
3,0.98,1.3070139
4,1.23,1.689058
5,1.22,0.9066692
6,0.62,0.71416825
7,1.44,1.3725271
8,1.3,1.1242218
9,0.29,0.86780804
10,0.6,1.1800517
11,2.23,1.9958973
12,1.79,1.3559353
13,0.46,0.62846285
14,1.21,1.2938017
15,0.93,1.2270496
16,1.03,0.99779063
17,1.94,1.416071
18,2.04,2.1241436
19,1.65,2.3412673
20,2.33,2.7770166
21,0.67,0.9391276
22,0.01,0.8707848
23,3.19,2.6585567
24,2.38,2.6304083
25,2.33,2.1419127
26,2.3,2.8047135
27,1.18,1.0666664
28,0.65,0.7449581
29,0.74,0.7952866
30,0.33,1.135145
31,0.3,0.93818706
32,0.72,1.2844819
33,1.42,1.3652503
34,1.88,2.4972143
35,-0.4,0.6724233
36,1.18,1.1113445
37,0.0,0.38903576
38,1.3979400086720375,1.4827985
39,1.6766936096248666,0.90009254
40,0.0969100130080564,0.6472904
41,-0.2839966563652008,-0.45759577
42,1.7708520116421442,2.1460683
43,1.3820170425748683,1.3329562
44,2.866877814337499,2.919732
45,3.785329835010767,3.5430417
46,1.0791812460476249,2.3164747
47,4.0,3.690863
48,2.8825245379548803,3.8394058
49,0.2174839442139062,1.2857679
