,y_actual,y_pred
0,0.25,0.64015985
1,0.31,1.3400697
2,0.21,0.8212179
3,2.65,2.8900187
4,2.85,2.7037866
5,2.16,1.9413679
6,3.26,2.6451635
7,2.35,2.4132957
8,1.92,1.6603632
9,1.41,1.5711689
10,2.19,1.4805663
11,0.47,0.39896834
12,2.46,2.4423122
13,2.59,1.9044806
14,0.54,0.8420018
15,3.29,3.106865
16,4.54,1.8369287
17,3.08,2.9905539
18,2.46,2.7992387
19,0.13,0.27098942
20,1.64,1.4398574
21,0.69,0.7818284
22,0.45,1.5940253
23,1.89,0.81424546
24,2.57,1.9271352
25,0.54,2.2891626
26,1.3,1.9573214
27,1.05,0.7217834
28,1.76,0.953238
29,2.57,2.0550854
30,2.59,0.9523046
31,2.04,1.4376355
32,2.61,1.8709286
33,0.46,1.0961719
34,2.63,2.1712518
35,1.6464037262230695,2.0111802
36,1.6020599913279625,1.0462742
37,2.588271706842329,1.1993169
38,0.0,-0.04062534
39,1.155336037465062,1.1419113
40,1.021189299069938,1.7762419
41,1.944482672150169,0.74595726
42,-0.5228787452803376,0.0768547
43,1.167317334748176,1.359784
44,1.8750612633917,1.8138982
45,0.6020599913279624,-0.077147014
46,1.0969100130080565,1.8944337
47,3.071882007306125,3.0878026
48,-1.2218487496163564,1.6490365
