,y_actual,y_pred
0,2.3,2.5169864
1,2.83,2.4064152
2,0.44,0.94389707
3,2.16,1.6716378
4,0.6,1.662842
5,1.3,0.6638877
6,1.06,1.075718
7,0.1,0.58425003
8,3.4,3.096489
9,1.17,1.4116807
10,1.75,1.5395945
11,1.37,1.1332148
12,2.4,1.8050661
13,-0.25,0.20750484
14,3.01,2.672679
15,3.04,1.6527859
16,3.48,1.9767593
17,3.78,2.450042
18,0.16,0.48383173
19,0.45,1.4180087
20,0.62,1.3417791
21,2.48,2.3679285
22,1.0,0.72619444
23,2.84,2.04683
24,1.01,1.8597999
25,2.12,1.7242048
26,1.89,2.0689187
27,4.16,3.325685
28,2.86,3.7917142
29,0.18,1.1562374
30,-0.01,1.070706
31,0.0293837776852096,0.3316842
32,0.2671717284030138,1.5873698
33,1.0,0.6741534
34,2.838849090737255,2.8546984
35,2.374748346010104,0.7236884
36,2.216957207361097,1.6900084
37,0.0,0.7876988
38,1.4456042032735976,1.3276552
39,2.72098574415374,2.0883203
40,1.0,0.8478038
41,0.7781512503836436,1.4999315
42,1.0413926851582251,2.1829405
43,0.99563519459755,1.6888864
44,2.57978359661681,2.3082259
45,2.482158695411276,2.0186455
46,0.9242792860618816,1.1479715
47,3.0644579892269186,2.6364226
48,1.7558748556724917,1.6692047
