,y_actual,y_pred
0,3.01,1.8055087
1,0.31,0.67459416
2,0.18,0.034699313
3,0.62,1.1849339
4,1.92,1.2106258
5,1.11,1.446927
6,3.91,4.098636
7,3.71,1.9289942
8,0.88,1.49999
9,1.17,0.8304064
10,1.9,2.4284008
11,0.29,0.8991804
12,2.6,2.0265694
13,0.51,0.86789227
14,0.72,1.2861297
15,0.78,2.229572
16,0.62,0.2961558
17,2.74,2.6113813
18,0.23,0.30616796
19,2.71,1.7024727
20,2.0,1.0956178
21,1.01,1.7054057
22,0.03,0.1484605
23,1.71,1.5175548
24,0.3,0.24803436
25,0.84,0.6930796
26,0.35,0.6547787
27,1.0,0.87581885
28,0.9,0.78839076
29,1.57,1.3057978
30,2.46,1.9755771
31,0.34,1.4854393
32,2.06,1.5302941
33,1.28,1.2495339
34,1.0,0.6144917
35,3.089905111439398,1.5804379
36,1.1172712956557642,1.8731614
37,3.069668096911596,2.4934747
38,1.0,0.72594404
39,2.0681858617461617,1.3364223
40,0.8750612633917001,0.32886302
41,-0.4814860601221125,0.80148447
42,1.7558748556724917,0.7294518
43,0.0,1.0408623
44,0.6483600109809317,1.2855039
45,0.469822015978163,0.68687534
46,1.0,1.6988609
47,2.361727836017593,1.9497594
48,2.3891660843645326,2.1750016
