,y_actual,y_pred
0,2.96,2.6762435
1,3.66,2.591643
2,0.09,2.3864303
3,3.0,2.1310155
4,0.75,1.2031716
5,3.65,2.7312374
6,0.74,0.80849737
7,1.04,0.89482766
8,2.53,2.621581
9,0.5,0.6000932
10,5.54,4.940515
11,3.97,3.3224761
12,2.48,2.3267894
13,1.55,2.2149677
14,3.89,3.346327
15,1.35,1.5504327
16,2.82,2.6992438
17,0.84,1.2668717
18,0.07,0.81797427
19,4.97,4.0443187
20,3.87,3.6834233
21,0.41,0.44222492
22,2.38,1.3587872
23,2.6,2.7073169
24,0.42,1.0890056
25,3.18,2.3119447
26,1.42,1.5624298
27,4.39,4.0905013
28,4.71,4.110993
29,3.81,3.6598673
30,2.47,2.9950533
31,3.29,2.3278565
32,2.78,3.0363505
33,2.74,1.6532454
34,2.25,2.0356927
35,3.95,2.5049531
36,3.07,1.707515
37,4.84,4.230109
38,4.46,4.198434
39,4.85,4.0509067
40,5.43,4.648554
41,3.29,2.8062613
42,3.12,2.9151452
43,2.89,3.1045232
44,2.71,2.7956715
45,5.81,5.0831065
46,3.68,3.043554
47,4.57,3.9368017
48,5.88,5.0638695
49,4.23,3.8643677
50,0.5,1.1733996
51,1.46,2.595132
52,1.84,2.2886071
53,2.05,1.9508302
54,0.05,0.44189602
55,0.35,0.739899
56,0.57,1.1517631
57,-0.03,0.9324675
58,2.15,1.9172668
59,1.52,1.910523
60,0.39,1.0285233
61,2.4,1.8323357
62,2.4,2.3392527
63,1.6,2.344481
64,-0.05,0.44939703
65,1.41,2.5302408
66,3.82,2.6961265
67,3.22,2.9909742
68,0.11,0.93142563
69,3.22,2.5927577
70,1.55,1.7142985
71,1.89,2.7256916
72,1.45,1.3933738
73,3.51,3.041507
74,3.48,2.8782709
75,2.17,2.1097205
76,-0.55,1.1338642
77,0.35,0.65506417
78,0.63,1.2566674
79,0.48,1.0963019
80,3.11,3.1395123
81,0.26,1.105687
82,0.21,0.44474405
83,0.63,1.7691731
84,0.69,2.4615586
85,0.0,0.32128125
86,2.33,2.2762928
87,0.28,0.32978553
88,3.78,2.8563488
89,0.9,0.69428116
90,2.36,2.654358
91,0.54,0.9430235
92,2.96,3.443684
93,3.01,2.6704133
94,3.13,2.0331156
95,2.41,2.1453555
96,1.64,1.9149629
97,1.36,2.0259597
98,2.63,3.0965612
99,0.75,0.8079681
100,2.46,1.5355773
101,1.18,2.0311847
102,1.9,1.4844897
103,2.59,3.1185274
104,2.73,2.5849025
105,0.62,1.1838416
106,0.5,0.85273284
107,2.97,2.3753839
108,2.39,2.2593243
109,0.31,1.4634666
110,1.05,1.9125792
111,2.94,2.8036158
112,3.95,4.41002
113,0.0,0.9360705
114,2.02,1.0020819
115,3.24,2.7304206
116,0.56,0.0860197
117,0.56,0.96236104
118,1.04,1.3680825
119,1.4,1.8296931
120,1.31,1.5014298
121,1.22,1.0513246
122,2.45,1.9298086
123,0.32,1.7056134
124,4.6,1.7119279
125,2.25,2.6608548
126,0.93,1.212161
127,-0.3,-0.82585126
128,0.6,1.163372
129,3.11,2.5920868
130,2.48,2.942905
131,1.02,1.4735926
132,5.82,4.879636
133,2.07,2.0332885
134,3.78,3.2433841
135,2.72,2.2751079
136,2.26,2.4463174
137,1.19,2.853454
138,2.6,2.1653385
139,0.23,0.20034786
140,2.49,2.493042
141,3.5,2.855453
142,2.27,1.7179123
143,2.22,1.12058
144,2.07,2.0757804
145,1.27,1.4663963
146,2.26,2.1072266
147,2.51,2.5755107
148,1.09,1.283765
149,2.77,2.1453176
150,3.19,4.759298
151,-0.16,1.3374398
152,0.18,1.4413861
153,3.3,3.6767275
154,2.27,3.5884762
155,2.89,1.808173
156,1.68,1.7883302
157,1.75,2.0932946
158,2.03,2.724784
159,2.0,0.6544873
160,0.79,0.6699553
161,1.51,1.7804974
162,2.12,1.7864884
163,2.85,2.2190516
164,0.36,0.44591492
165,0.3,0.45913905
166,0.76,1.0237359
167,3.85,4.141316
168,0.84,0.8132785
169,1.12,1.7149442
170,1.1139433523068367,2.0154014
171,3.6989700043360174,2.3738234
172,3.653212513775344,0.610122
173,1.1398790864012365,1.1009605
174,1.7634279935629371,1.3228585
175,1.884512159190394,1.1915898
176,0.9777236052888476,1.010968
177,2.9733587998863977,2.7325172
178,2.1476763242410986,-0.034720473
179,1.3010299956639813,1.4812213
180,0.5118833609788743,2.1936278
181,1.4313637641589874,1.7282724
182,1.6812412373755872,1.4240371
183,0.0,1.2190547
184,0.4771212547196624,0.29808503
185,1.0413926851582251,1.637292
186,4.7160033436348,3.8907242
