,y_actual,y_pred
0,2.47,2.7845223
1,2.68,1.7083346
2,2.84,1.6395639
3,3.37,3.0585568
4,3.91,4.3822136
5,2.71,2.5641856
6,0.84,0.7925173
7,0.62,0.5103928
8,3.64,3.6664448
9,2.81,1.9369893
10,3.98,3.3678539
11,0.61,0.9191998
12,4.21,4.217999
13,2.86,2.8402028
14,2.8,2.8488834
15,3.37,2.2793977
16,0.27,0.99102557
17,3.57,3.2174025
18,4.13,3.258005
19,4.66,2.2936273
20,3.79,3.7414255
21,2.71,2.5011637
22,0.45,0.29095054
23,4.56,4.1806474
24,3.37,2.7852132
25,1.3,1.7425964
26,3.76,3.120925
27,-0.04,1.6839677
28,2.88,2.6166973
29,3.32,3.026311
30,0.08,0.35256267
31,1.48,1.2841122
32,0.83,1.8636433
33,4.0,4.0000324
34,2.27,0.78490293
35,0.24,0.23054504
36,3.21,3.5067127
37,2.46,1.8217441
38,3.7,3.3578458
39,6.06,5.3519573
40,4.2,4.409956
41,4.58,3.9321065
42,5.18,4.765656
43,4.7,4.7378035
44,0.94,1.498667
45,0.49,1.3461876
46,1.34,1.5449792
47,2.52,3.5130115
48,1.11,0.8204479
49,2.0,2.270301
50,1.16,1.1229427
51,3.0,2.8198462
52,3.62,4.1607757
53,2.84,2.6429234
54,0.32,0.59899366
55,0.82,2.8278108
56,-0.35,1.2155348
57,1.63,2.6384773
58,2.34,2.3780878
59,0.32,1.5034602
60,0.73,0.7115185
61,1.89,1.8870571
62,1.45,0.7532177
63,0.29,1.0579969
64,0.32,1.2646743
65,3.34,3.307971
66,0.8,1.624485
67,1.99,1.3785121
68,1.23,1.5220538
69,1.79,1.0470223
70,3.69,3.4657803
71,2.7,2.6052656
72,3.6,2.557604
73,2.1,3.7795923
74,1.76,1.3075962
75,0.59,1.2505497
76,1.3,1.2065119
77,3.62,3.338919
78,3.78,3.0513613
79,1.97,2.213395
80,2.35,2.9343753
81,2.66,1.9051081
82,2.79,2.9296403
83,3.14,4.0427775
84,3.18,2.7061238
85,2.98,3.1559372
86,0.0,0.13087666
87,0.76,2.213688
88,1.16,1.2372596
89,0.11,0.48510194
90,0.71,0.8402847
91,1.66,1.6862344
92,1.0,1.21533
93,1.22,0.69517446
94,0.53,0.8836112
95,0.91,0.4466653
96,0.35,1.6788943
97,2.72,2.5792253
98,3.42,3.518051
99,1.14,2.0094202
100,1.82,1.8320526
101,2.77,2.294704
102,-0.13,0.8252388
103,4.0,2.7875574
104,1.84,1.6890342
105,1.55,2.0334134
106,1.92,2.0325189
107,0.7,0.59763265
108,2.25,0.40320194
109,3.64,3.7326093
110,2.31,2.5078406
111,3.48,2.120549
112,3.02,2.597488
113,0.65,1.5728072
114,0.88,2.3027453
115,3.18,2.6830935
116,3.7,2.7918808
117,2.73,2.869423
118,1.99,3.060129
119,0.23,1.1834899
120,0.93,2.0239654
121,2.24,2.0647862
122,1.02,1.3572083
123,3.14,2.9702463
124,2.32,2.0789578
125,0.41,0.24691331
126,0.22,0.27060163
127,2.71,2.2852519
128,1.53,1.7473321
129,3.92,2.2522588
130,4.85,4.40166
131,2.43,3.0821934
132,1.61,2.0782146
133,2.87,2.6153486
134,0.44,1.2061589
135,3.58,3.7082229
136,2.01,2.3747
137,2.63,3.686899
138,4.11,2.9039307
139,1.88,1.1771979
140,1.16,0.86007106
141,1.95,2.7207263
142,0.82,1.2170159
143,3.15,1.9086403
144,0.38,2.1443958
145,1.48,2.2022417
146,1.9,2.0106378
147,4.39,4.051829
148,3.48,2.6899035
149,1.38,1.4116704
150,0.3,0.72439253
151,1.98,2.0579698
152,3.2,2.370425
153,1.44,1.2467985
154,1.59,2.0879226
155,3.23,2.9321303
156,1.94,1.6005863
157,2.22,2.0078118
158,3.32,3.2018235
159,4.79,3.1526477
160,1.15,1.3154207
161,2.72,2.6625059
162,3.46,2.3474612
163,1.08,1.8756894
164,1.99,1.4512898
165,1.07,1.2992855
166,1.04,1.670859
167,1.1,0.94116986
168,2.4712917110589387,2.3441586
169,3.448242412634439,3.0333304
170,3.230448921378274,0.78938985
171,2.90848501887865,3.7159941
172,1.6020599913279625,0.928669
173,3.3654879848909,4.12732
174,1.1882251727052793,1.3865569
175,1.855973201168544,1.3914607
176,1.7520484478194385,2.0325189
177,2.925312091499649,3.391481
178,2.8027737252919755,2.9703736
179,1.1760912590556811,1.223992
180,0.2304489213782739,0.20542407
181,0.7558748556724915,0.98567104
182,1.0644579892269184,2.6592429
183,-0.6989700043360187,1.2420754
184,3.648360010980932,2.1139739
185,3.848804701051804,4.9879255
186,0.6989700043360189,0.8603493
