,y_actual,y_pred
0,1.18,1.3054825
1,0.4,1.5513738
2,2.85,1.8834238
3,1.54,2.149001
4,2.5,2.252425
5,8.3,1.131658
6,5.12,1.3936119
7,1.92,1.6279078
8,1.46,1.9010655
9,1.42,0.829615
10,3.01,1.750214
11,2.07,2.1373577
12,1.06,1.5411713
13,2.21,1.306791
14,3.68,1.135546
15,2.57,1.012756
16,-0.05,1.7571297
17,0.98,2.1300552
18,1.26,2.3175907
19,2.78,1.9940062
20,1.36,2.2184153
21,3.57,1.603714
22,3.64,1.4914669
23,4.34,1.4002762
24,4.4,1.3223798
25,3.79,1.7841473
26,4.5600000541015735,1.2726744
27,1.931432442867229,2.1180654
28,3.127326750385712,1.9232771
29,0.9951962915971796,2.0154004
30,3.889259391757097,1.6974713
31,1.1841233542396712,1.2233022
32,4.446706052418285,1.3464744
33,4.0,1.4282124
34,3.780000298336571,1.5298468
