,y_actual,y_pred
0,2.31,2.3879604
1,3.07,2.0266204
2,2.8,2.4869177
3,2.75,2.322927
4,-0.1,1.1398259
5,2.39,1.9601741
6,2.05,1.5064346
7,0.95,1.2108265
8,3.26,2.0155203
9,0.38,2.6174006
10,1.57,1.5466287
11,1.55,1.8381568
12,2.31,1.9680415
13,1.58,2.147904
14,4.81,4.3878436
15,2.73,2.3046875
16,4.58,4.4269543
17,0.73,0.53143495
18,4.24,3.594069
19,2.41,3.090087
20,1.14,1.1334517
21,2.46,2.197651
22,4.29,4.0034604
23,0.11,0.6483744
24,4.68,4.667584
25,3.58,3.4469094
26,1.86,1.3844458
27,0.72,1.1847045
28,1.1,1.2723932
29,0.78,1.4764858
30,0.95,1.7191504
31,4.28,4.575263
32,4.35,4.383061
33,3.77,2.4096308
34,0.49,1.9993598
35,0.42,1.0671887
36,1.43,1.5947192
37,3.95,3.7600179
38,3.1,2.1109793
39,3.81,3.7216685
40,0.11,0.4792368
41,2.69,2.3239543
42,0.76,1.3371894
43,2.73,2.141515
44,2.68,2.1559231
45,3.44,3.5044289
46,4.26,4.1200886
47,4.26,3.653311
48,3.98,2.8029873
49,2.83,3.295332
50,0.28,0.88008064
51,1.3,1.9208145
52,1.81,1.7838596
53,3.18,2.2693381
54,2.26,1.856493
55,1.72,1.7797807
56,1.35,1.6852524
57,0.52,1.2867949
58,1.95,1.6036043
59,1.44,1.7152073
60,2.43,2.065104
61,3.36,3.042871
62,1.01,2.2147293
63,2.45,2.7021618
64,1.54,1.7770766
65,1.5,1.2749599
66,2.52,1.7671713
67,2.18,2.4874845
68,1.52,1.2807223
69,-0.02,0.87982684
70,1.64,1.7748044
71,1.07,1.2221847
72,0.52,0.43796477
73,3.96,3.8052542
74,0.76,1.7689947
75,1.13,1.5417405
76,1.15,1.6391889
77,3.34,2.7287054
78,2.71,1.4245447
79,2.39,2.291077
80,2.42,1.4685205
81,3.03,2.1342797
82,4.3,2.8967772
83,3.99,2.6701396
84,3.36,3.2549746
85,3.52,3.252504
86,0.58,0.8140529
87,2.36,2.0032344
88,1.84,1.1700538
89,3.46,1.8470888
90,3.6,3.0655386
91,2.75,2.5375514
92,3.09,2.0158465
93,3.63,2.3645446
94,0.2,0.7546056
95,2.81,2.7164536
96,1.95,2.3394732
97,2.03,1.8539932
98,1.22,1.4605263
99,3.95,3.8306265
100,1.84,1.4475628
101,1.18,1.2988168
102,1.29,0.6580327
103,1.18,3.1006489
104,0.02,0.8513228
105,0.91,0.7801694
106,4.27,4.047217
107,1.95,2.0617797
108,2.5,2.6825566
109,2.67,1.7249284
110,2.51,1.7617621
111,0.5,0.8949763
112,3.4,2.8908856
113,2.2,2.584581
114,3.25,2.4465644
115,3.19,2.6521058
116,3.39,3.292261
117,2.56,1.3364707
118,0.78,0.5669593
119,0.9,1.018315
120,0.96,0.97061104
121,0.6,0.6635421
122,2.54,1.6051425
123,0.42,0.57557863
124,2.24,1.7864937
125,3.29,2.944474
126,0.28,1.2445366
127,-0.29,1.067045
128,2.11,2.0903058
129,0.29,0.6415569
130,2.76,0.46087655
131,0.83,0.9636821
132,-1.0,0.8119667
133,1.27,1.9220309
134,2.46,1.7346747
135,1.38,1.5979896
136,0.92,1.317082
137,0.81,0.94153446
138,2.35,2.1147375
139,2.48,2.496924
140,2.65,2.0256515
141,4.24,4.7052855
142,2.02,2.1058345
143,2.74,2.1534693
144,1.53,2.0003507
145,0.73,0.984175
146,3.06,2.7688112
147,2.25,2.5548706
148,1.0,0.92100435
149,1.22,1.2105793
150,3.88,3.012124
151,1.73,0.909017
152,1.07,1.6695538
153,1.63,2.3256755
154,2.19,2.6170607
155,1.16,1.1391276
156,3.26,3.0471964
157,3.31,3.0417988
158,0.65,0.9961315
159,1.04,1.3476253
160,0.65,2.4104373
161,2.38,2.6146226
162,0.69,1.5621978
163,0.54,2.666487
164,3.85,3.454649
165,3.5,3.2749932
166,3.3,2.9871373
167,0.0,1.1403875
168,2.72,1.4339957
169,1.99,2.5224957
170,1.43,1.4796331
171,2.47,2.1758869
172,2.28,2.4294827
173,0.5314789170422551,2.4068248
174,1.6232492903979006,0.42351422
175,0.3579348470004537,1.0307941
176,2.8195439355418688,2.53079
177,4.0,3.9230654
178,3.403120521175818,2.3888924
179,4.378397900948138,3.5072577
180,1.0,1.1448395
181,1.3424226808222062,1.3211288
182,0.3010299956639812,1.1066663
183,1.0,2.214151
184,1.8260748027008264,1.609331
185,2.4353665066126613,2.7167592
186,2.662757831681574,2.892575
