,y_actual,y_pred
0,1.18,0.8781285
1,0.4,1.3523947
2,2.85,1.5786763
3,1.54,1.8971622
4,2.5,2.1346374
5,8.3,1.2213778
6,5.12,1.3435199
7,1.92,1.4973377
8,1.46,1.5227003
9,1.42,1.1316836
10,3.01,1.6493537
11,2.07,1.7199771
12,1.06,0.8959076
13,2.21,1.2417376
14,3.68,1.1550297
15,2.57,1.1200069
16,-0.05,1.0634233
17,0.98,1.3929085
18,1.26,1.7484846
19,2.78,1.8004568
20,1.36,1.8622515
21,3.57,1.5097653
22,3.64,1.3889439
23,4.34,1.302041
24,4.4,1.2531732
25,3.79,1.6557026
26,4.5600000541015735,1.2158933
27,1.931432442867229,1.7803377
28,3.127326750385712,1.7450964
29,0.9951962915971796,1.2930189
30,3.889259391757097,1.5848067
31,1.1841233542396712,0.7591213
32,4.446706052418285,1.2603533
33,4.0,1.3389274
34,3.780000298336571,1.4508035
