,y_actual,y_pred
0,2.44,2.2139924
1,3.09,3.1712613
2,4.81,4.166723
3,1.54,1.1495912
4,3.99,4.5553837
5,4.43,4.0215197
6,0.49,1.695405
7,4.43,3.2403526
8,4.3,3.932054
9,2.06,2.039769
10,1.38,2.0043676
11,0.45,1.5475937
12,2.73,2.6865888
13,2.91,2.1602707
14,-0.39,0.7180783
15,0.1,1.5859215
16,1.97,1.5668159
17,2.82,3.0457191
18,1.01,1.1163316
19,3.51,2.8175979
20,0.55,0.53233606
21,3.52,3.2827632
22,2.02,1.8038473
23,3.93,3.8402777
24,2.72,3.4736378
25,0.39,1.2976445
26,1.63,1.6492368
27,1.5,2.26485
28,5.97,5.0750914
29,5.08,4.5587144
30,0.6,0.8613381
31,4.05,3.9245143
32,3.58,3.1291978
33,2.73,2.0571566
34,0.32,0.6646815
35,3.48,3.089929
36,1.93,2.8550546
37,5.56,5.392917
38,5.88,5.6687064
39,2.82,2.4554565
40,3.33,3.236585
41,0.07,1.000507
42,3.57,3.3171844
43,3.27,3.170023
44,4.53,4.5195546
45,3.67,3.5698745
46,5.88,5.421523
47,2.19,1.437315
48,5.43,5.4638395
49,5.05,4.7796574
50,0.23,1.0002354
51,1.92,2.0288653
52,1.14,1.5300058
53,3.2,3.708845
54,2.56,3.1941428
55,1.73,2.8649373
56,3.63,2.728376
57,0.46,0.4551782
58,0.75,1.9041766
59,3.3,2.7442896
60,2.77,3.214164
61,2.64,2.7567396
62,0.48,1.2388886
63,1.44,1.5372665
64,1.11,1.4109478
65,0.94,1.0211653
66,1.35,1.8203174
67,3.57,4.023391
68,4.4,4.0841846
69,-0.89,1.1999173
70,2.47,2.4684846
71,1.86,1.8200134
72,2.34,2.7722654
73,2.92,2.8074265
74,0.86,1.1633728
75,2.59,1.3074241
76,0.96,1.2083054
77,4.16,3.685299
78,0.41,0.8256131
79,1.87,2.5682507
80,1.93,1.7386124
81,-0.01,0.997327
82,1.58,0.8216893
83,1.38,2.8696635
84,0.51,1.3885052
85,2.2,2.4111938
86,3.48,3.302538
87,1.07,1.485137
88,2.85,2.4190304
89,2.78,3.6651113
90,3.0,3.3689523
91,-0.23,1.1717186
92,1.6,1.6455185
93,0.62,1.180148
94,0.84,1.6474135
95,3.48,3.0996993
96,2.9,2.0557983
97,2.38,2.24623
98,1.45,2.116714
99,1.55,2.0246947
100,2.53,2.8636668
101,3.26,3.5066502
102,0.43,0.9240609
103,3.15,2.9307258
104,0.68,0.37344402
105,3.44,2.2248716
106,1.68,0.85116225
107,3.32,3.2236311
108,2.46,1.3211694
109,2.84,3.1471467
110,2.97,3.12682
111,2.2,1.6902575
112,2.31,1.6889168
113,1.6,1.5931319
114,-0.1,0.66702455
115,1.55,2.1974826
116,1.89,1.2947214
117,1.13,1.8439975
118,-0.4,0.9719451
119,0.84,1.7167903
120,-0.4,1.626724
121,1.05,1.3338466
122,-0.48,0.7221096
123,0.52,0.6637921
124,3.55,2.3527322
125,1.17,1.9913188
126,1.15,1.751416
127,0.07,0.6447467
128,1.21,1.7696548
129,2.8,2.542159
130,2.12,3.7467089
131,1.0,0.45128137
132,2.41,2.915891
133,2.24,2.7617908
134,1.51,2.2088008
135,3.79,2.898614
136,3.41,2.220395
137,3.43,3.3523226
138,1.02,1.4521514
139,2.62,2.8053036
140,0.97,1.7710434
141,2.16,1.5466449
142,1.2,1.513789
143,2.51,2.0967143
144,2.87,1.9491664
145,0.35,1.3327057
146,1.54,2.1440825
147,2.56,2.86611
148,4.05,4.0657196
149,1.38,1.5256209
150,4.31,2.8402503
151,1.89,1.7824463
152,3.75,3.0361712
153,4.38,3.9323702
154,1.85,1.1794796
155,2.34,1.8785231
156,1.0,0.6138155
157,0.18,0.0029419202
158,0.15,1.8873913
159,1.98,1.612296
160,3.07,2.108853
161,0.02,0.8166078
162,0.67,2.1551769
163,2.87,2.4477463
164,0.51,2.0595102
165,3.62,3.0757227
166,3.88,4.3795424
167,0.43,2.0317664
168,3.44,2.972033
169,2.05,2.5164316
170,2.8394780473741985,2.2210183
171,3.5185139398778875,4.510375
172,5.343831849228082,5.034424
173,3.2974322048101694,3.7914453
174,2.934498451243568,2.5278041
175,1.5713593927538396,1.165531
176,3.650598898172657,2.3138843
177,1.0,1.0511116
178,1.568201724066995,2.0246408
179,1.424881636631067,2.6483905
180,1.0969100130080565,1.0173568
181,2.903089986991944,3.9037063
182,0.9057958803678684,0.8161121
183,2.255272505103306,1.942596
184,0.8573324964312685,0.946979
185,1.7481880270062005,3.3950171
186,1.1139433523068367,2.2911747
