,y_actual,y_pred
0,-0.3,-0.051292904
1,1.32,2.120422
2,0.86,0.5564691
3,2.35,1.7360109
4,0.63,0.1998447
5,4.08,1.7707793
6,0.02,1.423228
7,3.95,3.708833
8,5.93,4.9637275
9,5.81,4.810877
10,2.11,1.6417217
11,1.34,1.1820405
12,2.06,2.3520513
13,2.05,2.0330427
14,4.08,4.3339458
15,3.84,3.5675125
16,2.23,1.7920384
17,0.24,0.2338296
18,0.72,0.9404789
19,4.11,3.9106648
20,0.9,1.0608503
21,0.8,1.2788923
22,3.94,3.1148727
23,2.18,2.18267
24,0.84,1.5690235
25,0.46,1.2647041
26,1.27,1.6330192
27,3.59,3.1344695
28,3.12,3.1959376
29,3.92,3.3750548
30,2.17,1.6287712
31,1.89,2.1364727
32,-0.12,0.4884627
33,1.8,1.6041068
34,4.38,4.592034
35,3.76,2.8547044
36,0.22,1.0531987
37,3.82,3.391229
38,-1.52,0.37392008
39,1.11,2.6182268
40,0.93,0.87975895
41,3.58,2.8188303
42,0.45,0.36131442
43,2.48,2.3636942
44,1.89,1.7776825
45,2.52,2.4248505
46,3.53,2.9628484
47,3.59,2.316092
48,3.88,2.6118925
49,3.04,2.9881403
50,0.78,1.6880531
51,0.52,1.7005824
52,2.17,1.8142518
53,3.41,2.6961374
54,4.32,2.9975486
55,4.45,4.2110014
56,1.81,1.9168459
57,0.6,1.9977926
58,1.68,2.3578174
59,5.77,4.791805
60,0.13,1.5920222
61,0.85,0.74759126
62,2.18,1.1217301
63,2.23,2.0086634
64,2.04,1.7709515
65,2.49,2.702497
66,0.78,1.1589019
67,3.41,2.9754508
68,3.83,3.8118675
69,2.89,2.8274636
70,1.32,0.9789579
71,1.68,2.2266443
72,0.79,0.8273349
73,0.44,0.5081308
74,1.67,1.6904155
75,0.5,1.4952556
76,0.5,1.0742117
77,1.24,1.5475672
78,-0.5,1.1195459
79,2.15,2.4127986
80,2.87,2.3178668
81,1.77,3.1774094
82,2.61,2.0156431
83,3.14,2.6591947
84,1.52,1.1537259
85,-0.11,0.2567799
86,3.25,3.3424218
87,4.33,3.8579164
88,3.9,3.1231015
89,2.5,3.1549354
90,1.84,1.0878555
91,3.45,3.038603
92,2.21,2.5346603
93,2.0,2.142886
94,0.62,1.5145122
95,3.7,3.207344
96,3.35,3.302324
97,-0.1,0.5627601
98,3.11,1.7886002
99,0.2,0.6687652
100,1.85,1.7824563
101,2.12,2.5335197
102,0.86,1.2069088
103,3.68,2.3493392
104,3.49,2.6150455
105,0.99,1.0698558
106,0.77,2.0307949
107,0.96,0.992066
108,2.5,2.5621924
109,2.35,2.4967139
110,2.38,1.545359
111,1.78,1.6716518
112,0.76,0.28460288
113,3.12,2.6215372
114,2.07,1.3377851
115,0.38,1.8656118
116,3.18,3.1480324
117,3.29,3.20614
118,1.26,1.2973855
119,2.16,1.6461769
120,1.4,2.1939924
121,1.12,1.6360499
122,1.06,1.9882902
123,1.98,1.7954096
124,0.93,0.7675116
125,2.54,2.824558
126,0.33,0.5133332
127,1.03,0.9288007
128,0.79,0.8105358
129,1.94,1.6718552
130,1.17,1.6291201
131,0.32,1.2452707
132,1.8,1.7197304
133,0.5,1.0081867
134,2.81,2.4156296
135,2.0,1.9849598
136,3.5,2.8308902
137,-0.52,0.99554133
138,2.58,4.6950436
139,3.34,3.2032187
140,3.2,2.9240038
141,2.91,2.4972522
142,3.92,3.4505398
143,1.4,1.7721517
144,2.38,2.5448673
145,3.52,4.0223475
146,2.03,1.8024133
147,1.56,1.7457987
148,0.0,2.0601022
149,0.18,1.4166605
150,4.14,2.6787517
151,0.3,0.35110927
152,2.73,2.6634226
153,1.32,1.2376761
154,0.19,0.81352556
155,3.1,3.3451724
156,1.84,3.1852417
157,3.02,2.0933194
158,2.2,2.0844245
159,2.76,1.7043597
160,2.78,3.146314
161,0.05,0.34845376
162,1.46,4.065991
163,2.2,2.315442
164,4.09,3.9962025
165,0.05,0.76183116
166,4.35,2.3701365
167,1.73,0.87888646
168,1.4107772333772095,3.3771608
169,1.0,0.26464617
170,-0.4814860601221126,0.90791976
171,2.1072099696478683,3.9269974
172,1.250420002308894,0.83130765
173,0.7781512503836436,1.3546666
174,0.3979400086720376,1.7598896
175,2.6989700043360187,3.0262341
176,1.0,0.6438565
177,2.406540180433955,1.8622924
178,1.6812412373755872,0.5128608
179,1.3979400086720375,1.2989188
180,4.2576785748691846,3.923823
181,2.5118833609788744,2.8896112
182,3.653212513775344,3.8446896
183,3.6265456590271294,3.450261
184,1.993436230497612,2.7578964
185,0.4771212547196624,0.53504443
