,y_actual,y_pred
0,1.18,1.5884876
1,0.4,3.8955464
2,2.85,3.7430184
3,1.54,3.5634468
4,2.5,3.9927776
5,8.3,5.135197
6,5.12,4.5791774
7,1.92,3.704789
8,1.46,3.1532896
9,1.42,4.9324636
10,3.01,3.5704982
11,2.07,2.942598
12,1.06,2.253023
13,2.21,4.009008
14,3.68,4.7486296
15,2.57,5.015237
16,-0.05,2.2389596
17,0.98,2.6727006
18,1.26,3.0854726
19,2.78,3.6846786
20,1.36,3.4611154
21,3.57,4.026016
22,3.64,4.187864
23,4.34,4.3581057
24,4.4,4.51444
25,3.79,3.8810349
26,4.5600000541015735,4.490161
27,1.931432442867229,3.4070175
28,3.127326750385712,3.657065
29,0.9951962915971796,2.668071
30,3.889259391757097,3.8669674
31,1.1841233542396712,1.6528466
32,4.446706052418285,4.3406076
33,4.0,4.169806
34,3.780000298336571,4.008977
