,y_actual,y_pred
0,2.44,2.4490557
1,2.47,2.5024388
2,2.35,1.7532213
3,2.8,1.9905096
4,2.75,2.51263
5,4.3,3.8803744
6,5.93,5.578076
7,2.11,2.2038233
8,4.58,4.7333207
9,3.37,2.4691622
10,4.68,4.480135
11,4.66,3.0969589
12,4.71,4.2916026
13,2.47,2.6825547
14,1.43,2.5112388
15,3.76,3.2352004
16,2.78,2.7476823
17,3.81,3.675192
18,3.32,3.06201
19,0.08,0.25359043
20,4.26,3.8682535
21,2.71,3.0080023
22,4.53,4.348214
23,3.67,3.9442286
24,5.88,5.3973956
25,5.43,5.3223295
26,4.7,4.80897
27,1.73,2.1504605
28,2.15,1.7504188
29,2.43,2.454137
30,3.36,3.0429168
31,3.0,2.5819252
32,3.22,3.1577146
33,1.64,1.3653619
34,1.07,1.0011742
35,2.34,2.4471965
36,1.79,1.7704407
37,1.35,1.6619636
38,3.22,2.672233
39,1.55,1.9947141
40,3.57,3.487833
41,1.45,1.2496996
42,4.4,3.3792815
43,1.77,3.2099133
44,1.37,1.8089161
45,2.17,2.1884973
46,4.33,3.927735
47,4.3,3.2861228
48,2.5,2.1381824
49,0.59,1.4238826
50,2.36,2.0281856
51,2.35,1.6816969
52,2.75,1.8194879
53,2.98,2.868748
54,1.07,1.411317
55,3.95,3.743929
56,1.22,0.7338373
57,2.72,2.45693
58,3.49,2.959304
59,0.75,0.6982598
60,1.01,1.2137753
61,1.68,0.1861063
62,3.19,2.980893
63,3.29,3.5403788
64,-0.29,0.75428134
65,2.76,1.084533
66,1.13,1.7376157
67,1.03,1.2749738
68,2.24,2.0167203
69,1.4,1.7203786
70,2.45,1.5790569
71,1.94,2.0878737
72,1.15,2.1102223
73,2.48,2.5677783
74,2.81,2.8293774
75,4.24,5.805286
76,3.78,2.6598248
77,2.41,2.571368
78,2.24,2.2501643
79,3.58,3.2284322
80,2.38,2.26965
81,3.52,3.656932
82,3.26,2.8041682
83,4.38,4.1843176
84,2.27,3.778344
85,2.46,2.7053003
86,3.1,3.6853955
87,3.23,3.2737446
88,3.02,1.473284
89,2.87,2.4143496
90,-0.01,1.1883601
91,0.2671717284030138,1.9037324
92,1.1398790864012365,1.0198765
93,1.855973201168544,1.4522016
94,4.378397900948138,3.848723
95,1.6812412373755872,1.0688926
96,1.6766936096248666,0.9322373
97,0.6483600109809317,1.4810747
98,0.7558748556724915,1.4202976
99,2.255272505103306,0.96012944
100,0.6020599913279624,0.58104557
101,3.6265456590271294,3.7751176
