,y_actual,y_pred
0,-0.3,1.1629622
1,1.32,2.1191554
2,2.31,2.3912692
3,2.3,3.050168
4,0.86,1.3354975
5,3.09,2.8280058
6,3.07,2.1176026
7,2.96,2.7681262
8,3.66,2.6567159
9,0.25,1.2579302
10,3.0,2.130786
11,-0.1,1.0106641
12,2.39,1.7656056
13,1.54,2.1975996
14,2.05,1.2494469
15,4.43,4.0885077
16,0.49,1.18469
17,3.26,2.331974
18,0.75,1.3165778
19,1.4,0.95614004
20,2.83,3.190539
21,2.84,1.6226553
22,2.71,2.2041888
23,0.74,1.3580534
24,1.57,1.1447338
25,0.44,0.6933782
26,2.53,2.837739
27,1.55,1.3072125
28,0.5,2.2063403
29,3.69,2.8102963
30,0.84,1.6238209
31,-0.39,0.70523727
32,0.62,0.2516797
33,3.64,3.34404
34,2.5,3.12633
35,3.97,2.5953033
36,3.01,2.8840923
37,0.1,0.96478784
38,1.97,2.258477
39,0.31,1.0652164
40,1.58,2.2391248
41,0.18,0.56281734
42,3.98,2.841716
43,1.01,1.8575993
44,1.34,1.3209342
45,2.73,1.8455746
46,0.55,0.6060564
47,0.61,0.8468283
48,2.06,2.1367793
49,2.05,2.2794745
50,4.08,4.5372944
51,4.21,4.408976
52,1.35,1.2113686
53,0.21,1.5788661
54,2.07,1.5274482
55,0.73,2.143187
56,2.65,3.0989583
57,2.23,1.4724075
58,0.24,0.474541
59,0.62,1.5376766
60,4.24,3.9838867
61,4.11,3.9548392
62,2.8,2.874187
63,1.14,1.2069705
64,2.46,2.254081
65,0.9,1.24599
66,2.02,2.65597
67,0.98,1.5047613
68,1.23,1.8583721
69,0.11,0.6765871
70,0.27,2.037631
71,3.94,2.7979007
72,3.57,2.818019
73,3.58,2.810077
74,2.72,2.7914042
75,4.13,2.8296783
76,2.18,2.6120358
77,1.86,2.341432
78,0.72,1.8328412
79,0.84,1.9795086
80,0.39,0.9742633
81,0.07,1.0013621
82,1.22,0.95223457
83,1.1,1.5894921
84,3.79,3.017076
85,0.78,0.99356854
86,2.16,2.1166234
87,1.11,1.8671
88,1.63,2.3889263
89,0.41,1.1336328
90,2.38,2.0423784
91,0.45,0.7718963
92,0.46,1.8861803
93,2.6,2.671119
94,0.42,0.8828715
95,3.59,2.616092
96,2.16,1.5369054
97,1.42,0.97235537
98,0.6,2.0030818
99,0.49,3.877266
100,1.3,2.0954688
101,0.42,1.258846
102,1.7,2.335038
103,3.29,3.0316162
104,-0.12,0.9654212
105,1.8,1.7799985
106,0.6,1.1239126
107,1.3,4.6263666
108,3.1,2.103818
109,2.74,2.6051402
110,0.22,1.5950732
111,2.25,1.4151515
112,4.14,3.513081
113,2.73,2.5048275
114,2.73,1.8352339
115,0.32,1.6065099
116,-1.52,0.18644983
117,1.11,2.9738848
118,3.95,2.9393992
119,2.48,1.3364432
120,2.68,1.1871569
121,1.89,1.1453011
122,3.07,2.2343278
123,3.88,2.93962
124,0.83,2.6030316
125,3.71,2.722447
126,2.82,1.9001963
127,3.04,3.0867052
128,2.27,1.3574343
129,0.52,1.6286417
130,2.17,2.2647252
131,0.24,0.8254012
132,1.3,2.1771262
133,1.81,2.1073685
134,3.21,2.4863095
135,3.18,2.3911624
136,3.41,3.0752497
137,2.26,2.484178
138,2.89,2.8064942
139,3.57,2.7815413
140,0.88,1.8631384
141,2.46,1.8621857
142,1.72,3.0449295
143,4.32,3.1636434
144,1.81,2.2977924
145,2.35,1.9967623
146,0.6,1.9483051
147,2.19,1.5394498
148,1.68,2.374784
149,3.68,2.7459974
150,0.94,1.3562914
151,0.52,1.6458519
152,1.46,2.6363266
153,1.17,0.82028484
154,1.84,1.810455
155,1.06,1.1063497
156,2.05,1.5454142
157,1.92,1.4715484
158,0.05,0.45712513
159,0.1,1.1935627
160,1.14,1.6150358
161,0.85,0.7593101
162,3.2,2.806149
163,1.44,1.2591652
164,1.3,1.1291707
165,1.95,1.1576473
166,0.35,1.0492363
167,0.29,0.8201361
168,1.92,2.017084
169,0.57,1.3595015
170,3.4,3.14043
171,2.18,1.8029766
172,-0.03,2.274385
173,2.23,2.2601597
174,2.04,2.2005813
175,0.6,1.1603942
176,1.52,1.5684704
177,0.39,1.4306635
178,1.44,1.6455545
179,0.46,1.6946003
180,1.9,2.173589
181,2.67,2.3474522
182,0.75,2.7247396
183,2.4,2.3873596
184,1.11,1.166375
185,0.78,1.3987463
186,2.23,1.9146183
187,1.16,1.4153082
188,-0.1,1.6399727
189,-0.05,0.9932674
190,1.41,2.3453462
191,3.41,2.760781
192,1.01,2.2025852
193,1.54,1.8552177
194,1.5,2.045756
195,1.17,1.8368908
196,2.84,2.7817757
197,1.32,1.4720675
198,2.52,1.7714338
199,0.11,1.5708421
200,0.29,1.4666077
201,2.18,2.4866614
202,0.32,0.99051
203,1.52,0.97543323
204,1.68,2.444832
205,0.79,1.1257471
206,0.47,1.0706427
207,0.48,1.4700395
208,0.82,2.561626
209,1.44,2.462582
210,-0.02,0.68926895
211,-0.35,1.5319138
212,0.94,2.0088768
213,2.6,2.0186465
214,0.52,0.8244627
215,0.77,1.0442101
216,1.82,1.519729
217,2.59,2.1121173
218,1.88,1.4422445
219,0.32,1.723293
220,0.51,0.7814201
221,1.02,1.167774
222,0.66,1.0192958
223,0.5,1.0918562
224,0.73,1.3203232
225,0.5,1.5475662
226,-0.5,1.047289
227,0.29,2.1053157
228,0.32,1.1854078
229,1.45,2.9438255
230,-0.89,2.4098868
231,3.51,3.1776738
232,3.34,3.1371834
233,2.15,2.0545356
234,2.61,1.9756922
235,0.76,2.109185
236,0.46,1.1415861
237,0.0,1.005978
238,0.54,1.5018138
239,0.72,1.2117274
240,1.75,1.9029993
241,3.14,2.2183297
242,0.8,1.5219597
243,1.21,1.468982
244,1.52,1.5714029
245,0.8,1.5036848
246,1.99,1.4270781
247,-0.11,0.40451646
248,1.23,1.9616759
249,0.86,1.2047724
250,1.79,1.1066306
251,3.69,3.1982293
252,2.7,3.1743553
253,3.29,3.3437283
254,-0.55,0.6713885
255,2.59,1.7625431
256,3.03,2.493218
257,3.6,3.1995788
258,2.1,3.8053257
259,3.9,2.8282933
260,0.41,1.6391929
261,1.87,2.1547093
262,1.93,1.1205332
263,-0.01,1.3061453
264,0.78,2.4158087
265,1.58,2.4331958
266,1.84,1.6333851
267,1.76,2.254016
268,1.94,1.4258354
269,0.48,1.2321835
270,3.45,2.8285027
271,4.54,2.811565
272,1.3,1.8413811
273,2.4,1.7605314
274,3.11,2.8118432
275,0.26,0.8150099
276,1.23,1.2256186
277,0.62,2.878161
278,2.2,2.588614
279,3.08,3.2904522
280,0.21,1.0918169
281,0.63,1.8359524
282,0.69,2.0050774
283,1.65,2.3096797
284,1.97,2.2408712
285,0.0,1.7552181
286,2.66,2.0747292
287,2.79,2.4510174
288,1.84,2.9382641
289,3.46,2.148766
290,2.94,2.0601199
291,3.48,3.3496525
292,0.28,2.0185332
293,3.6,2.6231942
294,1.52,1.5542237
295,2.46,2.57993
296,3.01,2.5503843
297,0.62,0.5034088
298,0.0,1.7139614
299,-0.1,1.3790385
300,2.33,2.075247
301,2.78,2.8144588
302,3.09,2.5141244
303,3.63,2.5573964
304,0.53,1.4757468
305,0.2,1.7542654
306,3.11,2.8524218
307,0.2,1.7186306
308,2.74,2.6842659
309,3.78,3.310556
310,1.95,2.0195904
311,1.85,2.1136284
312,0.9,1.2393606
313,2.03,2.1350532
314,0.11,1.8043203
315,-0.23,2.1314528
316,1.6,1.9599283
317,0.13,0.97292745
318,0.23,0.544371
319,0.54,0.8319377
320,2.96,2.8732233
321,3.01,2.6921341
322,3.13,2.330607
323,1.64,2.1248946
324,0.35,2.1155205
325,3.04,1.9857391
326,0.67,0.98933905
327,2.9,2.739615
328,0.02,1.7845695
329,1.45,2.2494266
330,0.91,1.2013032
331,1.55,2.7205796
332,3.19,2.373949
333,2.71,2.8594918
334,1.95,2.4405346
335,0.99,1.3626019
336,0.77,2.1155908
337,1.14,2.1528668
338,0.96,1.1931171
339,2.5,2.4533966
340,1.82,1.571633
341,2.53,2.6299915
342,1.64,2.302746
343,2.51,2.365315
344,2.46,2.0562632
345,0.43,2.08002
346,0.69,1.2822605
347,1.29,2.653099
348,0.5,1.0568354
349,1.9,2.4730182
350,0.08,3.030444
351,2.77,2.6253273
352,1.95,1.8219181
353,-0.13,0.9428569
354,1.84,2.6782763
355,0.68,1.1808609
356,2.2,2.450475
357,3.44,2.8905096
358,2.38,2.0050228
359,3.78,2.858596
360,0.03,0.48597035
361,2.38,2.1890345
362,2.29,1.470528
363,3.32,3.2898688
364,3.25,2.1821141
365,2.46,2.6938672
366,1.55,2.0908704
367,1.71,1.8901958
368,2.84,2.325236
369,2.2,1.9616244
370,0.76,0.76165974
371,1.92,2.3377204
372,0.7,1.2438986
373,3.39,3.1220877
374,2.25,2.351411
375,2.07,1.5751697
376,0.38,2.3739257
377,2.73,2.0973458
378,2.03,1.9073719
379,3.48,2.5055223
380,0.78,2.2612367
381,0.9,1.341757
382,0.45,1.1463118
383,0.96,1.2965709
384,1.89,1.2626394
385,1.26,1.2312902
386,0.3,0.7658574
387,0.6,0.63454163
388,0.88,2.5334656
389,1.89,1.0559809
390,-0.49,0.6184393
391,2.54,1.8265531
392,0.42,0.65356755
393,2.24,1.7047476
394,-0.1,2.0169847
395,2.59,1.9560686
396,3.7,2.6478224
397,2.11,2.391865
398,0.62,0.67197645
399,0.29,0.4638966
400,0.5,0.45498076
401,2.73,3.6450477
402,2.16,1.0098218
403,0.31,0.86337805
404,1.12,1.5904034
405,2.57,1.7174244
406,0.54,2.3511338
407,0.35,0.27071545
408,1.3,2.4702752
409,2.3,3.1772988
410,0.23,0.93747395
411,1.06,2.3242848
412,2.48,2.2415535
413,1.05,1.2012975
414,0.83,1.02262
415,3.95,3.7890213
416,1.0,0.95889026
417,-0.4,2.4786515
418,-1.0,1.7960265
419,0.84,1.4321198
420,1.27,3.0015402
421,0.0,0.99414027
422,1.98,1.3408372
423,2.02,1.6305164
424,2.46,1.2947006
425,0.93,1.9082199
426,1.0,0.9557518
427,1.76,1.6475716
428,1.38,1.2138598
429,1.46,1.2791789
430,0.65,0.79420483
431,0.74,0.82976025
432,0.93,1.1658359
433,-0.4,1.1469702
434,0.56,0.35244557
435,1.05,1.7046833
436,0.56,0.5467437
437,0.81,0.7772665
438,1.02,1.5393927
439,0.52,0.9066984
440,0.32,1.6288334
441,0.22,0.27377215
442,1.14,1.4639035
443,3.55,2.8719075
444,0.32,1.3889918
445,0.07,0.999925
446,1.53,2.2238092
447,0.3,1.3765175
448,1.21,1.5395548
449,1.42,1.4477555
450,-0.3,-0.07874278
451,2.0,2.2269378
452,0.6,2.811833
453,2.84,2.1859372
454,-0.52,1.8128643
455,1.02,1.2040448
456,1.0,0.8214015
457,2.07,2.0545313
458,2.72,2.7771082
459,2.04,1.234364
460,2.02,2.3111053
461,0.44,1.1032585
462,1.57,1.4092686
463,2.01,2.134078
464,3.41,2.0773623
465,3.2,2.3128102
466,2.6,1.7716268
467,2.74,2.0882905
468,2.91,2.8356452
469,1.88,1.7828057
470,0.23,1.8176777
471,1.4,2.2483487
472,2.49,2.1161435
473,2.61,1.9821923
474,1.88,0.9945319
475,1.02,1.1723412
476,2.03,2.4181323
477,3.06,2.4611363
478,2.27,1.8436915
479,1.16,0.81092894
480,2.22,2.10563
481,2.62,3.0322351
482,2.16,2.1099744
483,1.2,1.1748865
484,1.95,2.476409
485,1.56,1.5443022
486,2.51,2.4569318
487,2.22,1.5033268
488,1.0,2.480636
489,0.35,1.0485461
490,1.22,2.0061505
491,0.0,1.5006369
492,2.07,1.4874709
493,3.88,3.3130355
494,1.01,1.8807968
495,1.27,1.6701992
496,0.18,2.0265937
497,2.56,2.103725
498,3.15,1.9505005
499,2.26,1.6506994
500,1.38,1.2751634
501,4.14,2.0646718
502,0.3,0.7296951
503,0.38,2.1726902
504,1.48,2.990176
505,1.9,2.8800156
506,1.73,0.97379816
507,2.51,2.8739989
508,1.89,1.3237163
509,1.32,1.4514208
510,1.16,1.2172018
511,2.12,1.6798359
512,1.09,1.4910667
513,3.31,2.9739647
514,0.46,1.1479498
515,2.63,2.873222
516,1.85,2.2251391
517,1.38,1.832951
518,1.89,2.4858627
519,2.34,2.3277817
520,3.19,4.5367446
521,-0.16,1.2848042
522,0.18,1.9401449
523,-0.4,0.9717275
524,1.0,1.9050932
525,0.19,1.2607466
526,0.18,1.2692672
527,0.15,2.595055
528,0.3,1.2040658
529,1.98,2.0981836
530,1.04,2.7787209
531,0.65,1.4796208
532,1.68,2.3786888
533,1.04,2.397778
534,0.65,2.3469026
535,1.75,2.1873934
536,4.16,3.4997222
537,3.07,2.2053285
538,1.84,3.1045678
539,3.2,2.3973026
540,1.44,1.5207629
541,0.02,2.179674
542,0.34,1.3753119
543,1.59,1.9910625
544,1.94,2.4679303
545,2.2,1.4607527
546,2.22,1.4257307
547,0.54,1.5899843
548,2.76,2.691508
549,2.0,0.463091
550,0.05,0.5907939
551,1.46,2.8813062
552,0.0,0.3703205
553,0.79,1.4525236
554,2.72,2.700678
555,2.12,2.3591812
556,2.85,2.2766838
557,1.99,2.7026844
558,2.2,1.8758291
559,1.43,1.4194578
560,2.72,2.8424373
561,0.51,1.798674
562,0.05,0.963229
563,0.43,1.6504443
564,3.46,2.8426166
565,2.06,2.222224
566,1.08,2.0476873
567,0.76,1.2745546
568,1.28,1.5024419
569,3.44,2.199595
570,1.99,2.074779
571,1.07,2.3919983
572,0.18,1.0358846
573,1.04,2.7114131
574,1.1,1.674326
575,0.84,2.3298652
576,1.12,2.039456
577,0.5314789170422551,2.178886
578,1.6464037262230695,1.9703484
579,1.0,0.85843736
580,2.8394780473741985,2.5148988
581,1.6232492903979006,1.8254601
582,1.4107772333772095,3.3005683
583,3.089905111439398,1.7911812
584,3.448242412634439,3.239409
585,3.230448921378274,0.42866284
586,1.0,0.43614787
587,1.1139433523068367,2.0134842
588,3.6989700043360174,1.8498688
589,2.934498451243568,1.9085162
590,3.069668096911596,2.6404603
591,1.7520484478194385,2.3377204
592,2.925312091499649,2.8621724
593,2.9733587998863977,2.599398
594,2.838849090737255,2.383795
595,2.6989700043360187,3.0989583
596,2.1476763242410986,0.22291045
597,1.0,2.087735
598,1.568201724066995,2.52984
599,0.5118833609788743,2.6038961
600,1.424881636631067,2.4167876
601,1.0,0.9669275
602,2.8027737252919755,2.1379561
603,2.406540180433955,1.6759491
604,1.1038037209559568,1.2880327
605,1.6020599913279625,1.2945372
606,2.374748346010104,1.3754275
607,2.588271706842329,1.3196996
608,2.216957207361097,1.7749974
609,0.0,0.4225226
610,0.0,0.39970842
611,0.0,0.5949416
612,1.4313637641589874,1.6554409
613,1.4313637641589874,1.4140654
614,1.7781512503836436,1.283335
615,1.0,0.43614787
616,2.0681858617461617,1.4558765
617,-0.4814860601221125,0.64844596
618,1.155336037465062,1.804776
619,1.3979400086720375,1.5610281
620,1.7558748556724917,1.100105
621,-0.1366771398795441,2.3658
622,0.0,1.0889075
623,1.0969100130080565,1.4053358
624,0.2304489213782739,0.6005637
625,1.3891660843645324,0.99967784
626,1.2174839442139065,-0.0004352808
627,0.0969100130080564,1.1982746
628,0.2174839442139062,0.49172074
629,0.4771212547196624,0.3505292
630,-0.2839966563652008,-0.07572378
631,0.8195439355418687,0.9335882
632,1.0644579892269184,2.715489
633,0.9030899869919436,1.6153042
634,0.469822015978163,1.0106776
635,0.9057958803678684,1.1836871
636,-0.6989700043360187,1.4180235
637,1.0,0.58976895
638,0.3222192947339193,1.7030115
639,1.167317334748176,1.5618945
640,1.7708520116421442,2.5761151
641,1.3820170425748683,1.310119
642,1.0413926851582251,2.8545165
643,1.0,1.6753429
644,2.866877814337499,1.9178574
645,2.662757831681574,2.9314864
646,3.785329835010767,3.310556
647,1.869231719730976,2.25495
648,1.0791812460476249,2.61917
649,-0.0969100130080563,1.621546
650,1.7481880270062005,0.80262595
651,2.57978359661681,2.5272336
652,4.0,3.9741807
653,2.8825245379548803,4.133223
654,0.2174839442139062,2.0815692
655,1.0969100130080565,1.9708633
656,2.361727836017593,2.3988621
657,2.482158695411276,1.9504645
658,0.9242792860618816,1.7640076
659,3.071882007306125,2.304052
660,3.0644579892269186,2.4611363
661,0.4771212547196624,0.8675412
662,0.6989700043360189,0.9684839
663,-1.2218487496163564,1.859401
664,2.3891660843645326,2.282206
665,1.7558748556724917,2.0014908
666,1.1139433523068367,1.7236102
