,y_actual,y_pred
0,-0.3,0.8008347
1,2.31,2.4697
2,3.07,2.105882
3,2.96,3.068933
4,3.26,1.3614416
5,3.69,4.0574403
6,3.98,4.250054
7,1.01,1.1608199
8,4.21,4.6140475
9,1.35,1.4636483
10,0.98,1.215562
11,0.27,0.39592108
12,2.18,1.3739396
13,1.86,2.0695744
14,0.84,0.88068205
15,0.07,0.46409735
16,0.78,1.1267228
17,1.11,1.7017895
18,3.59,4.0172725
19,1.42,0.996656
20,-0.12,0.721827
21,0.22,-0.00056473096
22,1.11,2.1744928
23,2.27,1.1769435
24,0.24,0.8557171
25,3.18,2.337352
26,2.26,2.1940832
27,3.57,5.2054443
28,4.32,2.173271
29,1.06,1.1520469
30,0.05,0.18082795
31,0.1,0.55976766
32,1.14,1.870591
33,1.92,2.331419
34,3.4,3.7224724
35,1.44,1.7288893
36,1.11,0.3390034
37,0.78,0.46646366
38,1.16,0.48857495
39,-0.1,0.7544517
40,-0.05,0.7223051
41,1.41,2.792922
42,1.01,1.5193053
43,1.54,1.8941697
44,0.11,0.47372338
45,0.29,0.24393496
46,2.18,2.0644457
47,1.44,2.539129
48,1.82,2.0690477
49,1.88,1.431035
50,0.32,1.0100433
51,0.32,0.10678538
52,0.54,0.8319078
53,0.8,0.8564537
54,1.21,1.1213042
55,1.52,1.0173898
56,1.23,0.8824671
57,2.59,2.0012546
58,-0.01,0.62157625
59,1.3,0.7682294
60,3.08,3.3132741
61,0.63,0.95614105
62,0.69,3.0483057
63,1.97,1.5259376
64,0.0,-0.0657858
65,3.11,2.6664007
66,0.9,0.8525645
67,-0.23,0.85467035
68,0.13,0.55105406
69,0.67,1.9542403
70,2.9,2.4863155
71,2.71,1.9112201
72,2.5,3.179367
73,0.43,1.4033391
74,1.9,1.8584064
75,2.77,1.4010694
76,-0.13,0.45938477
77,2.29,1.0256608
78,3.32,2.9098587
79,3.25,3.2464879
80,1.55,1.8831536
81,0.76,0.28445038
82,0.7,0.4979076
83,0.9,0.78254634
84,3.7,3.0854626
85,0.29,0.6334606
86,0.54,1.6624718
87,1.3,2.5630546
88,1.05,0.83178574
89,1.0,0.8499647
90,-0.4,0.9997254
91,1.76,0.9710018
92,1.46,1.214928
93,0.65,0.708592
94,0.6,1.6311477
95,2.02,1.9580315
96,1.57,0.8668924
97,2.6,2.5016212
98,1.4,1.5613123
99,2.22,1.4929633
100,3.15,1.8149445
101,1.48,1.0870186
102,1.09,0.93249446
103,3.31,4.0366545
104,2.63,2.3385117
105,2.34,1.4960381
106,0.18,-0.5662131
107,3.2,2.9216008
108,2.0,0.8730505
109,0.05,0.17904958
110,1.99,2.4824808
111,2.2,2.3015707
112,0.76,1.0386716
113,1.04,1.3514621
114,1.0,0.5924519
115,2.934498451243568,2.7163594
116,1.0,1.3108778
117,1.0,0.643606
118,1.1038037209559568,2.0219564
119,0.0,0.4796295
120,0.0,0.6775623
121,-0.4814860601221125,0.9686951
122,1.7558748556724917,0.6780277
123,-0.1366771398795441,1.505808
124,-0.2839966563652008,-0.14556733
125,1.0644579892269184,1.996612
126,1.167317334748176,0.8544708
127,1.3820170425748683,0.9057693
128,2.662757831681574,1.973546
129,2.57978359661681,1.3292061
130,4.0,2.4678729
131,0.4771212547196624,1.0958382
132,2.3891660843645326,1.8659736
