,y_actual,y_pred
0,0.09,3.1369097
1,2.06,1.7855458
2,3.65,3.212555
3,1.04,0.4633583
4,3.95,2.1506684
5,2.91,2.5360875
6,3.37,3.1536133
7,2.86,3.1722736
8,1.92,1.4604053
9,2.71,3.190735
10,3.18,3.255666
11,5.97,4.7473307
12,3.12,3.3195643
13,1.89,2.464822
14,4.38,4.7080245
15,0.11,0.69393206
16,0.76,-0.08644531
17,2.88,2.5270245
18,3.48,3.3538928
19,0.93,0.86284196
20,3.58,2.112749
21,1.48,0.6403843
22,4.84,4.277076
23,1.93,2.716819
24,5.56,5.3827033
25,5.88,5.311787
26,2.83,3.1351464
27,3.33,3.2544508
28,4.45,4.1522303
29,4.57,3.9456341
30,5.88,5.292017
31,4.23,3.8839157
32,0.13,1.8515898
33,2.4,2.630504
34,3.3,2.8226283
35,2.45,3.4484534
36,3.82,2.352991
37,2.89,2.9341176
38,2.77,2.4739673
39,2.19,1.7717412
40,2.46,3.0564106
41,1.89,2.7983863
42,3.96,3.8084958
43,3.48,3.0881226
44,2.92,2.0730143
45,2.71,2.0945175
46,3.25,3.246555
47,2.42,2.1144748
48,0.35,1.2166452
49,4.16,3.9949563
50,-0.25,0.8581407
51,3.0,3.4759607
52,1.66,1.9027576
53,0.86,1.3765645
54,0.53,1.6384363
55,4.27,3.6137328
56,1.38,1.130636
57,2.31,1.8230479
58,2.31,2.240445
59,1.6,1.6450688
60,3.29,3.0769668
61,0.28,0.5636755
62,2.33,2.4336128
63,1.05,0.7566099
64,3.24,3.1816573
65,0.33,1.1390043
66,1.22,0.9904269
67,0.41,0.27967194
68,1.17,1.5838711
69,2.25,2.55633
70,1.8,1.7184412
71,2.65,2.1522133
72,3.92,2.9680712
73,3.5,2.856889
74,2.48,2.0822356
75,2.87,2.2937825
76,1.51,1.8486905
77,0.73,1.0029831
78,2.63,3.6036844
79,1.54,1.8895638
80,1.63,2.198629
81,3.48,3.0206096
82,3.3,3.1108372
83,2.78,3.2338371
84,3.3,3.2120407
85,1.51,1.9309362
86,1.15,0.7371348
87,3.62,1.8978405
88,4.09,3.9528751
89,1.73,1.1914983
90,3.5185139398778875,4.64373
91,1.1882251727052793,1.8716278
92,1.7634279935629371,2.138506
93,1.884512159190394,1.8550683
94,0.8750612633917001,0.9212662
95,1.6812412373755872,2.1042469
96,1.0,1.4686643
97,2.72098574415374,1.6514862
98,3.648360010980932,1.5633699
99,1.8750612633917,2.0744581
100,0.8573324964312685,0.6330575
101,3.848804701051804,3.253858
102,1.993436230497612,3.136973
