,y_actual,y_pred
0,1.54,1.2596259
1,0.49,0.51241535
2,0.5,0.22797161
3,0.84,1.8657242
4,-0.39,-0.5653905
5,0.62,0.3451603
6,3.01,2.5162308
7,1.97,1.6741105
8,1.58,1.4540057
9,2.06,2.2636044
10,2.05,2.621343
11,2.65,3.187255
12,0.24,-0.06582422
13,3.94,3.5471168
14,1.22,0.6809767
15,0.46,1.7325425
16,2.16,2.141111
17,2.73,2.6429095
18,2.73,2.7206535
19,0.32,2.6218798
20,2.48,2.55396
21,2.68,2.3821537
22,1.89,1.7708135
23,0.83,1.1669763
24,2.82,3.0389829
25,2.35,1.8193735
26,2.19,2.2835422
27,1.84,2.2174299
28,1.92,1.9554896
29,0.85,0.7141786
30,1.44,1.5429907
31,0.57,0.4599281
32,0.46,-0.1867637
33,2.23,1.3785728
34,1.17,1.2029593
35,2.84,3.035218
36,0.47,0.21595055
37,0.48,0.118040614
38,0.94,0.8912452
39,2.6,2.2674525
40,2.59,1.839354
41,0.5,0.46499115
42,3.51,3.586407
43,2.61,1.9590586
44,0.76,0.3701282
45,0.72,2.152737
46,0.8,1.1995488
47,0.86,0.724184
48,1.79,0.23273855
49,2.7,3.0033174
50,3.29,3.490477
51,3.6,2.4303126
52,3.9,3.5450618
53,0.41,1.6662834
54,1.87,2.2808135
55,3.45,3.4793713
56,2.4,2.5362768
57,2.79,1.7398466
58,3.48,3.1638212
59,3.6,2.821726
60,1.52,1.646711
61,2.33,2.1477082
62,2.78,3.5329785
63,3.63,3.0495508
64,0.11,0.59656066
65,0.23,0.089024834
66,1.64,1.4178268
67,0.77,2.5357423
68,2.51,3.9153903
69,1.95,2.2373807
70,1.84,1.2878535
71,3.44,3.4401064
72,2.38,1.1399791
73,2.38,2.648067
74,2.25,1.7551957
75,0.38,1.9488263
76,3.48,2.433137
77,0.78,-0.34370607
78,1.89,1.5942065
79,0.88,2.136396
80,-0.49,0.10365253
81,0.62,0.58915657
82,0.5,-0.059733335
83,2.16,1.572026
84,0.31,1.5749333
85,1.06,2.1069214
86,1.98,1.5625945
87,0.93,1.1966318
88,1.38,0.46430808
89,-0.4,0.89949316
90,0.56,0.35455304
91,0.56,0.8360427
92,0.81,0.21998602
93,0.22,0.2127772
94,1.14,1.0357318
95,0.07,0.6518652
96,0.44,1.4952294
97,2.01,1.9090241
98,1.88,1.9774741
99,3.06,2.9875925
100,1.16,0.7484384
101,2.22,1.678875
102,1.0,0.67997617
103,1.01,1.4516577
104,2.56,2.565392
105,1.32,0.86619955
106,1.16,0.9602302
107,1.84,1.6765767
108,1.44,0.9482047
109,0.02,0.00050645566
110,1.59,1.6147022
111,1.94,3.2605143
112,2.22,2.2671015
113,0.54,2.1308637
114,1.46,1.1605148
115,1.43,0.07990485
116,0.43,1.3547364
117,3.46,2.7831366
118,1.08,2.0049188
119,0.5314789170422551,0.4132734
120,3.448242412634439,3.1432767
121,0.5118833609788743,1.4387304
122,2.216957207361097,1.0591289
123,0.0,0.0007582257
124,1.4313637641589874,2.0494905
125,1.7781512503836436,2.2172844
126,1.155336037465062,0.6346689
127,1.0969100130080565,1.2883409
128,0.8195439355418687,1.6814018
129,1.0,1.3654683
130,1.869231719730976,0.9879419
131,2.8825245379548803,1.3108008
132,1.7558748556724917,1.8188457
133,1.1139433523068367,2.3913083
