,y_actual,y_pred
0,0.38,2.6837845
1,4.08,3.6368918
2,1.38,1.66466
3,0.31,1.183111
4,2.31,2.1392841
5,5.54,4.9874034
6,1.55,2.507281
7,4.29,3.9312253
8,3.93,3.5853658
9,0.84,1.744338
10,4.97,3.8053756
11,3.87,3.4211872
12,2.17,1.9124005
13,4.39,4.306069
14,4.05,3.7166395
15,3.82,3.73415
16,0.45,1.367162
17,4.26,4.3039203
18,3.53,3.6532009
19,3.98,2.3529193
20,5.43,4.606538
21,3.29,3.3548443
22,5.77,4.741914
23,5.05,4.592006
24,0.5,1.471987
25,0.49,1.9745375
26,2.0,2.549964
27,1.6,2.8526807
28,1.41,1.7494359
29,3.83,3.6316502
30,1.63,3.1536162
31,0.93,1.0969607
32,2.34,1.5909246
33,0.96,0.70118535
34,0.63,1.0300986
35,3.99,2.8534725
36,3.52,3.4750204
37,0.58,0.84011555
38,2.33,2.3145187
39,3.18,3.2059784
40,2.12,2.7623308
41,1.84,1.7234575
42,1.0,0.6117233
43,1.18,1.6529288
44,3.48,1.4872442
45,2.38,2.6828036
46,3.42,3.3408449
47,1.18,1.3629743
48,4.0,2.937996
49,2.59,2.95951
50,2.97,3.1187158
51,0.45,2.7727833
52,2.97,2.7569377
53,2.57,2.6072023
54,3.14,2.875042
55,0.33,-0.114628464
56,0.9,0.9144993
57,2.8,2.5810764
58,0.72,1.0875334
59,0.5,1.0044558
60,2.43,2.978423
61,5.82,4.864249
62,1.61,1.6503172
63,2.26,2.2279837
64,2.58,4.124858
65,3.34,2.7383702
66,1.53,2.9628878
67,3.43,3.442975
68,3.5,3.4095607
69,2.25,2.7474377
70,2.87,2.711409
71,4.05,3.6147182
72,2.73,3.014132
73,4.39,4.1863756
74,1.07,1.3872082
75,2.19,2.907199
76,1.98,2.5311568
77,2.38,3.292227
78,0.67,3.693606
79,0.69,1.7152131
80,1.18,2.4442158
81,2.86,3.7702646
82,3.5,3.7223043
83,2.47,2.7149704
84,3.88,4.138586
85,0.3,1.1174697
86,4.35,2.4741657
87,3.85,4.007619
88,2.4712917110589387,2.5391855
89,3.653212513775344,0.9185411
90,4.0,4.131189
91,3.3654879848909,4.2880483
92,2.1072099696478683,3.955244
93,1.250420002308894,0.5344353
94,1.5713593927538396,1.3047043
95,0.3979400086720376,2.1482387
96,1.0,2.2478306
97,1.0,0.7769147
98,0.3010299956639812,0.88015413
99,1.8260748027008264,1.9010502
100,-0.5228787452803376,-0.022835402
101,1.0413926851582251,1.5667701
102,3.653212513775344,3.8020985
