,y_actual,y_pred
0,1.18,0.45694214
1,0.4,1.080213
2,2.85,0.9349823
3,1.54,1.247144
4,2.5,1.9271374
5,8.3,1.7157475
6,5.12,1.4843647
7,1.92,0.8641962
8,1.46,0.49845138
9,1.42,1.843721
10,3.01,0.8653364
11,2.07,0.5626315
12,1.06,0.41842812
13,2.21,1.1575435
14,3.68,1.6387682
15,2.57,1.7477901
16,-0.05,0.53599346
17,0.98,0.5354816
18,1.26,0.64376134
19,2.78,0.9687064
20,1.36,0.80205
21,3.57,1.3303305
22,3.64,1.4177501
23,4.34,1.4862654
24,4.4,1.554189
25,3.79,1.2102661
26,4.5600000541015735,1.5191902
27,1.931432442867229,0.7503497
28,3.127326750385712,0.94741803
29,0.9951962915971796,0.5030649
30,3.889259391757097,1.1429216
31,1.1841233542396712,0.4856277
32,4.446706052418285,1.4502344
33,4.0,1.3714118
34,3.780000298336571,1.2752353
