,y_actual,y_pred
0,2.68,2.2200427
1,0.95,1.4721771
2,0.91,1.5604235
3,2.73,2.8661025
4,3.91,2.0347044
5,5.81,5.046952
6,-0.06,0.04234989
7,2.81,3.3508294
8,3.84,3.892025
9,0.72,1.2130738
10,3.52,3.6070502
11,2.85,2.7264369
12,1.5,2.0721414
13,4.28,4.8084855
14,5.08,4.2799916
15,3.26,2.4087324
16,3.77,2.3429043
17,3.95,2.0595455
18,-0.04,1.0632794
19,3.76,2.8102572
20,3.58,3.2142978
21,0.62,1.4265476
22,2.52,2.4352088
23,3.59,2.4369512
24,4.0,3.5955544
25,4.46,4.226735
26,0.28,1.5232401
27,3.12,2.9652212
28,5.81,5.6274247
29,4.2,4.3834467
30,4.58,3.7643957
31,1.35,1.5466939
32,0.23,1.0412034
33,3.63,3.0438788
34,3.28,2.5086253
35,2.52,2.7917814
36,3.62,4.016839
37,1.67,1.6478678
38,1.89,2.2091272
39,1.24,1.6656402
40,2.87,3.1510801
41,1.13,1.7904392
42,1.03,0.95449215
43,3.34,3.4937456
44,2.39,2.506473
45,2.04,2.3980935
46,3.36,3.5883653
47,1.38,2.4736714
48,0.51,0.6566333
49,3.62,3.5112314
50,2.81,1.6834264
51,1.22,1.4219391
52,1.29,1.4734334
53,1.36,1.5118916
54,3.68,1.6791195
55,2.0,1.4492985
56,2.67,3.0235107
57,2.5,2.4692283
58,3.26,3.1690416
59,0.16,0.85522896
60,3.12,3.4370074
61,3.18,3.3387127
62,0.62,1.0209256
63,0.65,1.4211704
64,0.84,0.6858625
65,3.18,3.1000836
66,1.55,2.2044637
67,1.99,2.3088288
68,1.4,1.5579387
69,1.89,0.7067762
70,2.35,2.2381449
71,1.31,1.4745654
72,1.03,0.9785777
73,1.17,1.4703505
74,4.6,1.9013177
75,0.93,1.4199659
76,2.59,2.2304738
77,3.11,2.6921613
78,3.79,3.6844578
79,0.97,1.442393
80,0.82,1.2019278
81,4.31,5.8167357
82,2.77,2.6047904
83,2.89,0.7950774
84,2.03,4.4138665
85,3.85,3.606691
86,2.28,2.4652083
87,2.05,2.492019
88,5.343831849228082,4.9348326
89,1.1172712956557642,3.2828164
90,2.90848501887865,3.6225321
91,0.3579348470004537,0.8490202
92,1.6020599913279625,0.6092352
93,3.650598898172657,1.6063565
94,1.3424226808222062,1.7077488
95,0.5563025007672873,0.4214037
96,1.4456042032735976,1.521026
97,1.3979400086720375,1.5329394
98,1.021189299069938,1.2845397
99,2.903089986991944,3.5564306
100,2.4353665066126613,2.9613266
101,2.5118833609788744,2.6195948
