,y_actual,y_pred
0,3.09,2.8540387
1,3.0,2.4363062
2,4.43,3.9827368
3,1.4,0.95581967
4,2.84,1.91555
5,1.57,1.4211166
6,0.44,0.6731388
7,2.53,2.9732182
8,1.55,2.0205686
9,1.34,1.3201432
10,2.07,2.3731232
11,2.23,2.4757369
12,4.24,3.9987247
13,2.46,2.130483
14,0.9,0.60860294
15,2.02,2.0694947
16,2.72,3.7016177
17,1.1,1.4558119
18,3.79,3.8085043
19,0.41,0.6675913
20,2.38,0.58457106
21,0.45,0.111407354
22,2.6,2.8691037
23,0.42,0.11979897
24,0.6,1.7442143
25,1.3,0.9969953
26,0.42,0.8464443
27,1.7,2.4062774
28,0.6,0.23491795
29,2.25,1.5524435
30,4.14,3.969467
31,-1.52,-0.36341304
32,3.95,3.4977553
33,1.3,1.1882837
34,2.89,3.2071822
35,0.6,2.386708
36,1.68,2.58344
37,0.52,0.439354
38,1.46,1.1227531
39,0.29,1.0044254
40,-0.03,0.70478815
41,2.23,1.919903
42,2.04,1.0841099
43,0.39,-0.27993053
44,3.41,3.7156086
45,1.5,1.2187562
46,1.32,0.64595157
47,2.52,2.2692606
48,0.79,1.0011941
49,0.82,2.4648519
50,-0.02,0.45070297
51,-0.35,1.3201548
52,0.52,0.5658762
53,0.51,0.62311834
54,0.5,1.7627832
55,3.03,2.5103436
56,2.1,3.238554
57,3.11,3.7058446
58,1.23,0.6169875
59,1.65,3.029306
60,3.46,1.8046925
61,0.28,-0.0840234
62,2.74,3.141273
63,1.85,2.5088234
64,0.54,0.47999364
65,3.01,3.2632377
66,3.04,2.0909798
67,0.02,0.65657085
68,1.55,2.4219227
69,3.19,2.607607
70,0.99,0.93157667
71,1.14,1.9515855
72,1.82,1.4802217
73,2.46,1.0377883
74,0.69,0.5346237
75,2.2,2.326366
76,2.46,1.9962845
77,1.71,2.2057962
78,2.2,1.6727796
79,3.39,3.7536352
80,2.07,0.81451815
81,0.3,-0.5836367
82,0.6,0.30259877
83,1.89,1.7711319
84,0.42,0.45326668
85,2.24,2.4539392
86,2.59,2.5613215
87,2.57,2.7972445
88,0.83,0.7574155
89,-1.0,0.09203251
90,0.0,0.90618664
91,2.02,1.331804
92,2.46,2.4903986
93,1.0,0.49090677
94,1.02,1.2479577
95,0.52,0.74211246
96,0.32,1.1354325
97,3.55,2.4192398
98,0.3,0.640171
99,2.84,2.4737442
100,1.0,0.48216778
101,1.88,1.7445316
102,2.62,3.0787916
103,1.56,0.28469664
104,3.88,2.883693
105,2.26,1.8734664
106,1.38,0.70984036
107,0.38,2.0124488
108,1.9,1.4657438
109,2.51,2.4526954
110,1.89,1.9405969
111,-0.16,0.015790297
112,0.65,0.58888274
113,1.75,1.8175001
114,0.79,0.9889414
115,2.72,2.7934678
116,2.85,2.8369992
117,2.06,1.4775795
118,1.07,0.6028388
119,0.18,0.4917789
120,3.089905111439398,2.3720098
121,1.1139433523068367,1.4006989
122,1.7520484478194385,1.8012363
123,2.406540180433955,2.8949118
124,2.588271706842329,1.5155777
125,2.0681858617461617,2.4101174
126,0.2174839442139062,0.5528479
127,1.7708520116421442,2.269401
128,1.0413926851582251,3.2097437
129,0.2174839442139062,0.3263703
130,1.0969100130080565,1.9554217
131,3.071882007306125,3.1213062
132,3.0644579892269186,2.8856046
