,y_actual,y_pred
0,2.3,2.1186252
1,0.86,1.0578094
2,0.25,0.8266647
3,-0.1,-0.22026703
4,2.39,2.4462302
5,2.05,1.9828001
6,0.75,1.4202272
7,0.74,0.47723654
8,3.97,3.6201658
9,0.1,0.8828869
10,0.18,0.19170073
11,0.73,0.75177455
12,4.11,4.16122
13,2.8,3.2398558
14,1.14,1.1828862
15,1.23,1.4438773
16,0.11,0.14049771
17,3.57,3.551952
18,3.58,3.9105797
19,0.72,-0.13482258
20,0.39,0.03515723
21,2.74,2.4297864
22,3.07,2.2974834
23,2.17,1.6872833
24,1.81,1.8197247
25,3.21,2.9576414
26,3.41,2.3815956
27,0.88,2.355985
28,1.72,1.6033188
29,3.68,3.6297581
30,1.17,1.044678
31,2.05,2.2897317
32,3.2,3.771894
33,1.3,1.4397868
34,1.95,1.8934338
35,2.18,1.776141
36,0.6,1.4029015
37,0.75,1.1009752
38,0.73,0.8388109
39,0.29,0.78799665
40,1.45,1.4873643
41,-0.89,0.42518643
42,2.15,2.4911132
43,0.46,0.45239118
44,0.0,-0.3504021
45,1.75,1.6879557
46,3.69,3.7259226
47,1.93,1.9392238
48,0.78,2.170059
49,1.84,0.6518729
50,1.94,2.098201
51,0.26,1.1552775
52,2.94,2.4270754
53,2.46,2.8922515
54,3.01,2.976199
55,0.62,0.100142024
56,0.53,0.804932
57,0.2,0.05756476
58,3.78,3.2045414
59,2.03,1.4695386
60,2.96,3.663359
61,3.13,2.2080793
62,1.45,1.8825234
63,1.95,1.6076595
64,0.96,0.7691034
65,0.5,0.57886505
66,0.68,0.15958908
67,2.84,2.8294046
68,2.03,1.390881
69,0.45,0.47656813
70,0.96,0.89887595
71,1.12,1.8449359
72,2.3,2.8500588
73,0.23,0.6491536
74,2.48,2.5025291
75,3.95,4.207231
76,0.84,2.0319357
77,1.27,1.8567718
78,0.32,0.85883915
79,-0.3,-0.27065536
80,2.0,1.5671461
81,1.02,1.1226264
82,2.04,1.4676003
83,0.23,0.094470285
84,2.61,2.3581583
85,1.02,1.4050262
86,1.95,3.116869
87,0.35,1.690832
88,1.22,0.64733946
89,4.14,2.595419
90,1.73,0.7385416
91,1.89,2.1094518
92,2.12,2.2501574
93,0.46,1.3409292
94,1.85,1.201066
95,1.38,1.8711169
96,3.19,2.3412232
97,-0.4,0.28192213
98,0.19,0.6139828
99,0.15,2.0936608
100,1.98,0.94710827
101,1.68,1.8682587
102,3.07,5.124344
103,2.76,2.6307154
104,2.12,1.5582598
105,2.72,1.1328354
106,3.44,2.8374789
107,1.99,1.2647871
108,0.84,0.15899542
109,1.6464037262230695,2.3144014
110,1.0,1.7423743
111,1.4107772333772095,3.6686833
112,3.230448921378274,0.8068775
113,3.069668096911596,2.9299405
114,2.1476763242410986,0.57487285
115,1.568201724066995,1.9221451
116,1.424881636631067,1.9253272
117,1.0,0.944425
118,1.3979400086720375,1.4861441
119,0.2304489213782739,0.13531592
120,1.3891660843645324,1.3366884
121,1.2174839442139065,-0.11178253
122,0.9030899869919436,1.1336651
123,0.469822015978163,0.95932746
124,-0.6989700043360187,0.2550514
125,1.0,0.07531812
126,0.3222192947339193,0.7039015
127,2.866877814337499,3.1501677
128,3.785329835010767,3.2045414
129,1.0791812460476249,2.5439906
130,-0.0969100130080563,1.9811621
131,1.7481880270062005,0.55261815
132,2.482158695411276,0.97430503
