,y_actual,y_pred
0,1.32,1.7629045
1,3.66,3.530867
2,2.83,3.1437092
3,2.71,2.2785926
4,3.64,4.467767
5,2.5,2.9322317
6,0.31,0.11452827
7,2.73,3.1669123
8,0.55,0.18397579
9,0.61,0.48775074
10,4.08,4.557912
11,0.21,0.79061663
12,0.62,0.978457
13,4.13,3.8582227
14,2.16,2.2117586
15,1.63,1.8376801
16,0.49,1.9243232
17,3.29,1.9620763
18,1.8,0.81874585
19,1.3,3.2588325
20,3.1,2.6203103
21,3.88,3.4939659
22,3.71,1.9095153
23,3.04,2.6243305
24,0.52,2.018894
25,2.46,2.018579
26,1.81,1.9414688
27,0.94,1.4614028
28,0.35,0.1334432
29,1.52,2.5211043
30,1.9,2.549899
31,2.67,2.4361713
32,2.4,1.7986089
33,0.32,1.3717637
34,1.52,0.9975232
35,1.68,1.9631387
36,0.77,0.6949675
37,1.02,0.8056755
38,0.66,0.7140813
39,-0.5,0.54041386
40,3.34,3.2181656
41,3.14,3.1677911
42,1.99,1.4588904
43,-0.11,0.21499166
44,-0.55,-0.5951232
45,1.58,1.6057017
46,1.76,2.0640845
47,0.48,0.5112586
48,4.54,2.7542877
49,0.62,0.65354204
50,2.2,2.3026278
51,0.21,-0.1394755
52,0.0,0.22099742
53,2.66,2.5116003
54,1.84,2.391348
55,-0.1,-0.33448377
56,3.09,3.2274654
57,0.2,-1.1672739
58,1.95,3.3030612
59,1.6,1.1162047
60,0.35,0.6349025
61,0.91,0.5794765
62,2.53,2.9017894
63,1.64,1.3819954
64,1.29,2.4518566
65,0.08,0.86658454
66,3.78,3.604409
67,0.03,0.23326764
68,1.92,1.8363525
69,2.73,2.8608758
70,1.26,1.2045604
71,2.54,1.7430896
72,-0.1,0.969898
73,2.11,1.6669154
74,2.73,3.8648326
75,0.35,0.42890415
76,0.74,0.6343057
77,0.93,0.49071082
78,1.05,0.5614679
79,1.53,2.4859366
80,1.21,1.2617698
81,1.42,1.1612064
82,-0.52,1.1213789
83,2.07,2.0810874
84,2.72,2.585008
85,3.41,2.5839145
86,3.2,3.4400635
87,2.74,2.4948893
88,2.91,1.6295304
89,2.49,2.4462175
90,2.03,2.3736875
91,2.27,2.0301628
92,2.16,0.96728575
93,1.2,1.1769716
94,2.51,2.9764454
95,0.0,1.5895526
96,2.07,2.1577096
97,1.27,1.3697479
98,0.18,0.57990277
99,0.3,0.78756547
100,0.18,1.0240296
101,1.0,1.5813415
102,0.3,0.26408944
103,1.04,1.7135037
104,0.65,0.62733924
105,1.04,2.1067598
106,4.16,3.227668
107,0.34,1.1928536
108,2.2,2.492442
109,0.0,-0.14782515
110,0.51,0.672094
111,0.05,-0.027372269
112,1.28,0.9526577
113,1.1,1.3694075
114,1.12,1.4386172
115,2.8394780473741985,3.167662
116,1.6232492903979006,0.2886618
117,3.6989700043360174,0.66468143
118,2.925312091499649,3.1209888
119,2.9733587998863977,2.9552526
120,2.838849090737255,2.920572
121,2.6989700043360187,2.8193717
122,2.8027737252919755,2.7500563
123,1.6020599913279625,1.9711756
124,2.374748346010104,0.46682343
125,1.4313637641589874,1.7016407
126,0.0,-0.14737311
127,0.0969100130080564,0.120553344
128,0.4771212547196624,0.13278922
129,0.9057958803678684,0.20652637
130,2.361727836017593,1.5458728
131,0.9242792860618816,0.9832032
132,0.6989700043360189,0.91121686
133,-1.2218487496163564,1.4408038
