,y_actual,y_pred
0,4.81,3.7047155
1,0.63,0.50410753
2,3.99,3.540389
3,4.43,3.9016502
4,0.45,1.7812277
5,0.02,0.46340662
6,2.71,2.155305
7,2.48,2.589468
8,4.81,4.36781
9,2.82,3.0485983
10,3.89,3.5034401
11,3.51,3.0399306
12,2.41,3.359723
13,0.8,0.30829483
14,2.82,2.2796323
15,1.27,0.9709037
16,0.95,1.7561939
17,3.92,3.3394985
18,4.35,4.585115
19,4.56,4.4119854
20,3.37,2.892046
21,3.81,3.7531788
22,3.91,3.4656372
23,2.69,2.2874045
24,3.44,3.1297855
25,4.85,4.278006
26,0.78,1.427635
27,0.07,0.8861328
28,3.27,3.1021955
29,3.7,3.1134176
30,6.06,5.437879
31,5.18,4.6283054
32,2.56,3.1027935
33,2.49,2.867497
34,0.55,0.257917
35,1.34,1.2771803
36,2.64,2.4683778
37,0.44,1.0745926
38,1.11,1.082964
39,2.47,2.778932
40,1.86,1.8804587
41,1.15,1.570014
42,2.21,2.2325158
43,2.0,2.0589712
44,0.05,0.31616098
45,3.7,3.116907
46,3.35,3.1752706
47,3.78,2.8648922
48,3.14,3.301456
49,0.76,1.8652269
50,2.85,2.7089326
51,1.16,1.1700413
52,2.36,2.1619225
53,0.62,0.93950564
54,0.71,0.88399523
55,0.84,1.1632376
56,2.41,2.2549837
57,0.91,1.1065288
58,3.48,3.2399936
59,0.01,0.41749483
60,1.18,3.8454444
61,2.63,2.733022
62,2.35,2.5485194
63,3.15,2.9965687
64,3.4,3.1455057
65,1.78,1.5883653
66,3.64,3.7392023
67,2.56,2.335511
68,3.02,2.5301373
69,2.39,2.5711646
70,2.94,3.2843714
71,1.18,1.1050531
72,0.92,1.1497927
73,2.54,2.484557
74,1.04,1.4268601
75,-0.48,0.183142
76,2.32,2.8418846
77,0.79,0.677841
78,2.71,2.7852783
79,4.85,4.4987926
80,2.12,3.3291225
81,1.19,1.755232
82,3.92,3.465656
83,4.11,2.845718
84,3.75,3.3898854
85,3.32,3.3179889
86,4.79,2.9980397
87,0.36,0.94823176
88,-0.4814860601221126,0.46125728
89,0.0293837776852096,0.4541331
90,2.8195439355418688,2.2534747
91,3.2974322048101694,3.833147
92,0.7781512503836436,0.8432453
93,3.403120521175818,1.8693379
94,0.9777236052888476,0.40681607
95,1.3010299956639813,0.9416918
96,1.1760912590556811,1.2951397
97,0.0,1.6766977
98,1.944482672150169,1.2509712
99,4.2576785748691846,4.3601017
100,0.7781512503836436,0.6867724
101,0.99563519459755,1.2969942
102,4.7160033436348,3.7882915
